# auto-generated MIQP data for oyster problem
# matrix version: 2

set N :=
  0
  1
  2
  3
  4
  5
  6
  7
  8
  9
  10
  11
  12
  13
  14
  15
  16
  17
  18
  19
  20
  21
  22
  23
  24
  25
  26
  27
  28
  29
  30
  31
  32
  33
  34
  35
  36
  37
  38
  39
  40
  41
  42
  43
  44
  45
  46
  47
  48
;

param K := 25;

param Pe :=
  0 170.0000
  1 170.0000
  2 170.0000
  3 170.0000
  4 170.0000
  5 170.0000
  6 170.0000
  7 170.0000
  8 170.0000
  9 170.0000
  10 170.0000
  11 170.0000
  12 170.0000
  13 170.0000
  14 170.0000
  15 170.0000
  16 170.0000
  17 170.0000
  18 170.0000
  19 170.0000
  20 170.0000
  21 170.0000
  22 170.0000
  23 170.0000
  24 170.0000
  25 170.0000
  26 170.0000
  27 170.0000
  28 170.0000
  29 170.0000
  30 170.0000
  31 170.0000
  32 170.0000
  33 170.0000
  34 170.0000
  35 170.0000
  36 170.0000
  37 170.0000
  38 170.0000
  39 170.0000
  40 170.0000
  41 170.0000
  42 170.0000
  43 170.0000
  44 170.0000
  45 170.0000
  46 170.0000
  47 170.0000
  48 170.0000
;

param W :=
  [0, 0] 27.828991
  [0, 1] 0.087809
  [0, 13] 3.065246
  [0, 16] 0.492296
  [0, 17] 0.205426
  [0, 26] 0.946873
  [0, 28] 0.054584
  [0, 29] 0.206253
  [0, 33] 3.157693
  [0, 35] 0.415706
  [0, 43] 0.507542
  [0, 44] 0.994660
  [0, 45] 1.733231
  [0, 48] 0.267201
  [1, 0] 1.972709
  [1, 2] 0.171698
  [1, 4] 0.054152
  [1, 13] 5.492603
  [1, 14] 0.138077
  [1, 16] 0.507578
  [1, 17] 0.101149
  [1, 26] 0.445839
  [1, 28] 0.334011
  [1, 29] 0.583988
  [1, 30] 0.144981
  [1, 33] 7.587244
  [1, 35] 0.568670
  [1, 36] 0.445839
  [1, 37] 0.210352
  [1, 41] 0.381007
  [1, 43] 0.251272
  [1, 44] 0.620162
  [1, 45] 4.358499
  [2, 0] 0.057388
  [2, 1] 0.464177
  [2, 2] 5.677929
  [2, 3] 0.769494
  [2, 4] 1.304723
  [2, 5] 0.178853
  [2, 6] 1.029863
  [2, 7] 3.249205
  [2, 8] 0.191762
  [2, 9] 0.167994
  [2, 10] 9.505045
  [2, 12] 1.025800
  [2, 13] 3.027131
  [2, 14] 6.168283
  [2, 15] 2.875929
  [2, 16] 12.885352
  [2, 17] 3.881808
  [2, 18] 4.552526
  [2, 19] 1.022707
  [2, 20] 1.079916
  [2, 22] 4.023158
  [2, 23] 6.675250
  [2, 24] 4.163608
  [2, 26] 0.689955
  [2, 27] 4.979847
  [2, 28] 16.049877
  [2, 29] 1.704572
  [2, 30] 2.308265
  [2, 31] 3.517269
  [2, 32] 6.234697
  [2, 33] 4.173784
  [2, 34] 1.263947
  [2, 35] 17.694939
  [2, 36] 0.088528
  [2, 37] 44.882805
  [2, 39] 1.574945
  [2, 40] 3.525683
  [2, 41] 25.589225
  [2, 42] 1.091854
  [2, 43] 2.571296
  [2, 44] 0.339728
  [2, 45] 2.288489
  [2, 47] 0.055051
  [2, 48] 0.385394
  [3, 1] 0.337355
  [3, 2] 0.187807
  [3, 3] 0.684742
  [3, 4] 1.639345
  [3, 5] 0.512756
  [3, 7] 0.183456
  [3, 10] 0.212546
  [3, 13] 1.176714
  [3, 14] 0.359181
  [3, 15] 0.114166
  [3, 16] 3.670916
  [3, 17] 1.453444
  [3, 18] 0.142968
  [3, 19] 0.299635
  [3, 22] 0.721131
  [3, 23] 0.408263
  [3, 24] 0.141170
  [3, 26] 0.054368
  [3, 27] 0.212042
  [3, 28] 2.063933
  [3, 29] 0.054152
  [3, 30] 0.058611
  [3, 31] 0.202837
  [3, 32] 0.227324
  [3, 33] 1.279661
  [3, 34] 0.197839
  [3, 35] 3.665918
  [3, 37] 3.626149
  [3, 41] 2.662700
  [3, 42] 0.188202
  [3, 43] 0.556085
  [3, 44] 0.151454
  [3, 45] 0.476762
  [3, 48] 0.379209
  [4, 2] 1.429604
  [4, 3] 2.992360
  [4, 4] 3.471639
  [4, 5] 3.021341
  [4, 6] 0.479208
  [4, 7] 2.016217
  [4, 10] 7.413245
  [4, 11] 0.429874
  [4, 12] 2.653926
  [4, 14] 1.951242
  [4, 15] 2.765179
  [4, 16] 10.252353
  [4, 17] 5.936356
  [4, 18] 5.177003
  [4, 19] 0.824113
  [4, 20] 0.867982
  [4, 22] 3.350426
  [4, 23] 6.454110
  [4, 24] 2.991281
  [4, 27] 4.899338
  [4, 28] 7.085778
  [4, 29] 0.101580
  [4, 30] 0.222074
  [4, 31] 2.482516
  [4, 32] 4.656156
  [4, 34] 3.389188
  [4, 35] 8.108702
  [4, 37] 49.724287
  [4, 39] 1.016163
  [4, 40] 3.412237
  [4, 41] 27.666642
  [4, 42] 5.572249
  [4, 43] 0.166088
  [5, 2] 0.225634
  [5, 3] 1.027742
  [5, 4] 4.832708
  [5, 5] 26.231321
  [5, 6] 0.154150
  [5, 7] 0.567232
  [5, 10] 2.443322
  [5, 11] 9.278835
  [5, 12] 9.290162
  [5, 14] 0.420201
  [5, 15] 0.231999
  [5, 16] 5.110337
  [5, 17] 2.652883
  [5, 18] 3.347873
  [5, 19] 0.726956
  [5, 20] 0.234480
  [5, 21] 0.314126
  [5, 22] 0.644253
  [5, 23] 1.794754
  [5, 24] 1.576851
  [5, 25] 1.199907
  [5, 27] 0.424300
  [5, 28] 1.169810
  [5, 31] 0.841517
  [5, 32] 2.046386
  [5, 34] 17.057374
  [5, 35] 1.295266
  [5, 37] 38.009896
  [5, 39] 0.366444
  [5, 40] 1.618130
  [5, 41] 18.421176
  [5, 42] 33.819608
  [6, 0] 0.277809
  [6, 1] 0.861114
  [6, 2] 13.722482
  [6, 3] 0.101149
  [6, 4] 0.177990
  [6, 6] 0.363604
  [6, 7] 5.417883
  [6, 8] 0.075871
  [6, 10] 5.214650
  [6, 11] 0.525593
  [6, 12] 1.738013
  [6, 13] 6.181084
  [6, 14] 11.362473
  [6, 15] 9.732297
  [6, 16] 2.121573
  [6, 17] 2.258033
  [6, 18] 3.840313
  [6, 19] 0.520990
  [6, 20] 0.628612
  [6, 21] 0.092699
  [6, 22] 3.501736
  [6, 23] 9.645603
  [6, 24] 3.005664
  [6, 26] 10.578704
  [6, 27] 11.040724
  [6, 28] 10.041965
  [6, 29] 5.745421
  [6, 30] 8.658386
  [6, 31] 5.840997
  [6, 32] 5.105699
  [6, 33] 6.817139
  [6, 34] 1.943547
  [6, 35] 7.458444
  [6, 36] 0.980277
  [6, 37] 16.495644
  [6, 39] 1.561964
  [6, 40] 3.407203
  [6, 41] 8.692366
  [6, 42] 0.776793
  [6, 43] 13.207928
  [6, 44] 0.474317
  [6, 45] 3.807591
  [6, 47] 0.171914
  [6, 48] 2.115604
  [7, 2] 0.947160
  [7, 6] 0.112727
  [7, 7] 94.874797
  [7, 9] 0.205426
  [7, 10] 0.068104
  [7, 14] 0.793334
  [7, 15] 1.327916
  [7, 16] 0.661405
  [7, 22] 2.675429
  [7, 23] 43.297361
  [7, 24] 0.604124
  [7, 27] 5.183331
  [7, 28] 7.300625
  [7, 31] 128.488691
  [7, 32] 32.469146
  [7, 35] 3.848835
  [7, 37] 0.364898
  [7, 41] 0.786394
  [8, 7] 1.728664
  [8, 9] 0.748387
  [8, 23] 0.656299
  [8, 31] 2.561587
  [9, 9] 0.617860
  [9, 23] 0.166772
  [9, 27] 0.111792
  [9, 28] 0.078136
  [9, 31] 0.211503
  [10, 6] 0.122544
  [10, 7] 252.063770
  [10, 8] 32.739763
  [10, 9] 45.737159
  [10, 10] 4.344116
  [10, 20] 0.191367
  [10, 22] 0.157710
  [10, 23] 2.521350
  [10, 24] 98.798029
  [10, 27] 0.092699
  [10, 28] 0.493663
  [10, 31] 85.719620
  [10, 32] 14.046640
  [10, 35] 0.598084
  [10, 37] 0.216861
  [10, 39] 20.310427
  [10, 40] 0.452994
  [10, 41] 2.389889
  [10, 47] 0.957696
  [11, 7] 0.627605
  [11, 8] 86.575268
  [11, 9] 178.945148
  [11, 10] 25.456685
  [11, 11] 0.098236
  [11, 12] 0.096223
  [11, 21] 0.977293
  [11, 24] 0.669747
  [11, 25] 0.321030
  [11, 31] 0.057892
  [11, 38] 0.323187
  [11, 39] 98.153380
  [11, 40] 4.577229
  [11, 47] 410.389974
  [12, 7] 0.678233
  [12, 8] 18.178246
  [12, 9] 30.041394
  [12, 10] 67.642631
  [12, 11] 17.716298
  [12, 12] 8.691539
  [12, 18] 2.356449
  [12, 20] 3.082793
  [12, 21] 23.406200
  [12, 24] 1.600619
  [12, 25] 12.492443
  [12, 34] 4.829292
  [12, 37] 0.160659
  [12, 39] 67.845504
  [12, 40] 85.754787
  [12, 42] 3.025980
  [12, 47] 104.034217
  [13, 0] 10.302586
  [13, 1] 0.594883
  [13, 2] 0.111289
  [13, 4] 0.265403
  [13, 5] 0.136603
  [13, 13] 11.395303
  [13, 14] 0.248431
  [13, 16] 0.485141
  [13, 17] 0.178134
  [13, 26] 0.630302
  [13, 29] 1.418170
  [13, 30] 0.656910
  [13, 33] 11.288976
  [13, 36] 0.447025
  [13, 41] 0.147786
  [13, 44] 1.772604
  [13, 45] 5.602849
  [14, 1] 0.393305
  [14, 2] 4.141242
  [14, 3] 0.584887
  [14, 4] 1.019076
  [14, 5] 0.494346
  [14, 6] 0.487226
  [14, 7] 7.495839
  [14, 8] 0.144190
  [14, 9] 0.102443
  [14, 10] 21.513354
  [14, 11] 1.842830
  [14, 12] 3.607811
  [14, 13] 0.561407
  [14, 14] 6.188204
  [14, 15] 7.517414
  [14, 16] 10.955936
  [14, 17] 4.451126
  [14, 18] 8.290611
  [14, 19] 1.307672
  [14, 20] 2.291329
  [14, 21] 0.208411
  [14, 22] 7.569661
  [14, 23] 11.785371
  [14, 24] 9.001674
  [14, 25] 0.223009
  [14, 26] 1.856026
  [14, 27] 13.404364
  [14, 28] 19.976236
  [14, 29] 1.437695
  [14, 30] 2.181011
  [14, 31] 8.199063
  [14, 32] 10.552995
  [14, 33] 1.140289
  [14, 34] 3.809210
  [14, 35] 14.038729
  [14, 37] 66.797626
  [14, 39] 5.198397
  [14, 40] 8.212943
  [14, 41] 33.617597
  [14, 42] 2.521171
  [14, 43] 0.648245
  [14, 45] 0.140522
  [14, 47] 0.123550
  [14, 48] 0.167527
  [15, 2] 4.288165
  [15, 6] 0.604089
  [15, 7] 46.808949
  [15, 10] 0.093454
  [15, 14] 3.816617
  [15, 15] 10.422109
  [15, 16] 2.850507
  [15, 22] 10.203846
  [15, 23] 74.179120
  [15, 24] 1.042232
  [15, 27] 29.785159
  [15, 28] 25.796162
  [15, 29] 0.079107
  [15, 30] 0.362633
  [15, 31] 71.267917
  [15, 32] 26.611465
  [15, 35] 14.914370
  [15, 37] 0.796786
  [15, 41] 0.887399
  [16, 0] 0.092699
  [16, 1] 0.143543
  [16, 2] 9.758582
  [16, 3] 0.332428
  [16, 4] 0.370472
  [16, 5] 0.816023
  [16, 6] 0.673055
  [16, 7] 10.567234
  [16, 8] 0.186944
  [16, 9] 0.083530
  [16, 10] 19.436512
  [16, 11] 3.488503
  [16, 12] 4.730157
  [16, 13] 1.714137
  [16, 14] 6.947629
  [16, 15] 10.882151
  [16, 16] 11.097933
  [16, 17] 2.211108
  [16, 18] 8.933606
  [16, 19] 0.913540
  [16, 20] 1.881484
  [16, 21] 0.680031
  [16, 22] 7.352692
  [16, 23] 12.421858
  [16, 24] 10.215316
  [16, 25] 0.159508
  [16, 26] 3.537298
  [16, 27] 15.330364
  [16, 28] 17.137380
  [16, 29] 3.014581
  [16, 30] 5.368333
  [16, 31] 9.864837
  [16, 32] 11.119364
  [16, 33] 1.862355
  [16, 34] 4.391544
  [16, 35] 14.530630
  [16, 36] 0.276370
  [16, 37] 47.618032
  [16, 39] 4.000001
  [16, 40] 9.737475
  [16, 41] 26.129309
  [16, 42] 2.744504
  [16, 43] 3.165532
  [16, 44] 0.145664
  [16, 45] 0.584492
  [16, 47] 0.115100
  [16, 48] 1.099297
  [17, 2] 3.870014
  [17, 3] 1.359199
  [17, 4] 2.402079
  [17, 5] 0.549649
  [17, 6] 0.413837
  [17, 7] 4.583558
  [17, 10] 12.136390
  [17, 11] 1.154744
  [17, 12] 1.482642
  [17, 13] 0.079790
  [17, 14] 5.739272
  [17, 15] 5.780875
  [17, 16] 11.425579
  [17, 17] 4.972332
  [17, 18] 6.082236
  [17, 19] 0.881538
  [17, 20] 0.625124
  [17, 21] 0.410241
  [17, 22] 5.037739
  [17, 23] 10.054478
  [17, 24] 6.659536
  [17, 27] 7.117673
  [17, 28] 13.964513
  [17, 29] 0.705992
  [17, 30] 1.111343
  [17, 31] 5.207495
  [17, 32] 8.421030
  [17, 33] 0.241168
  [17, 34] 2.515885
  [17, 35] 12.556411
  [17, 36] 0.107226
  [17, 37] 52.039025
  [17, 39] 2.252711
  [17, 40] 6.199566
  [17, 41] 31.407389
  [17, 42] 1.352835
  [17, 43] 0.583485
  [17, 45] 0.075583
  [17, 47] 0.127578
  [18, 2] 0.119991
  [18, 5] 0.442926
  [18, 7] 0.825192
  [18, 8] 6.341707
  [18, 9] 7.359560
  [18, 10] 97.628075
  [18, 11] 67.827813
  [18, 12] 41.535867
  [18, 14] 0.164039
  [18, 18] 11.553660
  [18, 19] 0.145952
  [18, 20] 3.363299
  [18, 21] 28.714988
  [18, 22] 0.213552
  [18, 23] 0.214164
  [18, 24] 5.955809
  [18, 25] 15.353269
  [18, 28] 0.498229
  [18, 31] 0.056669
  [18, 32] 0.273710
  [18, 34] 25.065394
  [18, 35] 0.321965
  [18, 37] 4.107586
  [18, 39] 47.619758
  [18, 40] 115.472813
  [18, 41] 2.042179
  [18, 42] 22.613802
  [18, 47] 15.530684
  [19, 2] 1.144460
  [19, 5] 0.135309
  [19, 7] 148.076944
  [19, 8] 18.761946
  [19, 9] 15.380093
  [19, 10] 75.909187
  [19, 11] 4.477698
  [19, 12] 6.091226
  [19, 14] 1.752504
  [19, 15] 4.084178
  [19, 16] 1.448122
  [19, 17] 0.119487
  [19, 18] 4.546809
  [19, 19] 1.077219
  [19, 20] 1.986265
  [19, 21] 1.139210
  [19, 22] 3.424571
  [19, 23] 18.439514
  [19, 24] 158.017652
  [19, 25] 0.572626
  [19, 26] 0.081444
  [19, 27] 8.579315
  [19, 28] 8.684707
  [19, 29] 0.293271
  [19, 30] 0.161558
  [19, 31] 64.946167
  [19, 32] 47.682684
  [19, 34] 5.649882
  [19, 35] 5.092574
  [19, 36] 0.055519
  [19, 37] 13.455604
  [19, 39] 88.767606
  [19, 40] 15.781273
  [19, 41] 23.465495
  [19, 42] 4.065444
  [19, 43] 0.060085
  [19, 47] 3.251075
  [20, 6] 0.068104
  [20, 7] 152.265219
  [20, 8] 47.304517
  [20, 9] 46.404713
  [20, 10] 56.562965
  [20, 11] 0.606102
  [20, 12] 0.808508
  [20, 15] 0.101580
  [20, 16] 0.119991
  [20, 18] 0.315960
  [20, 19] 1.358516
  [20, 20] 1.706011
  [20, 21] 0.378526
  [20, 22] 0.060085
  [20, 23] 1.330217
  [20, 24] 199.577467
  [20, 27] 0.684238
  [20, 28] 0.133187
  [20, 31] 35.946970
  [20, 32] 18.501253
  [20, 34] 0.611136
  [20, 37] 2.830586
  [20, 38] 0.281117
  [20, 39] 120.358271
  [20, 40] 5.025693
  [20, 41] 9.239282
  [20, 42] 0.351738
  [20, 47] 7.377862
  [21, 7] 6.789380
  [21, 8] 218.122302
  [21, 9] 500.985200
  [21, 24] 9.119579
  [21, 31] 0.534942
  [21, 38] 0.201758
  [21, 39] 38.087061
  [21, 47] 298.366650
  [22, 0] 0.081120
  [22, 2] 5.409289
  [22, 6] 0.396577
  [22, 7] 12.925732
  [22, 13] 1.496917
  [22, 14] 6.546953
  [22, 15] 29.624501
  [22, 16] 0.589382
  [22, 17] 0.078783
  [22, 22] 7.307673
  [22, 23] 23.865020
  [22, 24] 0.448140
  [22, 26] 1.483325
  [22, 27] 33.143784
  [22, 28] 15.830823
  [22, 29] 2.753385
  [22, 30] 3.427267
  [22, 31] 19.479373
  [22, 32] 6.838642
  [22, 33] 1.953291
  [22, 35] 6.859928
  [22, 36] 0.181011
  [22, 37] 0.423653
  [22, 39] 0.221931
  [22, 41] 0.367559
  [22, 43] 1.062728
  [22, 45] 0.587944
  [22, 48] 0.084932
  [23, 2] 6.322182
  [23, 6] 1.685479
  [23, 7] 106.652653
  [23, 10] 0.269898
  [23, 14] 10.980495
  [23, 15] 26.141427
  [23, 16] 5.905684
  [23, 19] 0.295068
  [23, 20] 0.102012
  [23, 22] 22.939650
  [23, 23] 110.094268
  [23, 24] 2.366732
  [23, 26] 0.074324
  [23, 27] 56.310937
  [23, 28] 53.044509
  [23, 29] 0.763489
  [23, 30] 1.170853
  [23, 31] 144.804726
  [23, 32] 58.404032
  [23, 35] 28.564757
  [23, 37] 3.505008
  [23, 39] 0.337139
  [23, 40] 0.172741
  [23, 41] 4.875606
  [23, 43] 0.108592
  [24, 2] 0.159292
  [24, 7] 281.993047
  [24, 8] 1.139822
  [24, 9] 4.405819
  [24, 14] 0.475432
  [24, 15] 0.351630
  [24, 16] 0.280146
  [24, 22] 0.868737
  [24, 23] 18.650478
  [24, 24] 12.908652
  [24, 27] 2.373385
  [24, 28] 2.211647
  [24, 31] 215.216852
  [24, 32] 40.637466
  [24, 35] 0.766761
  [24, 37] 0.352745
  [24, 40] 0.099890
  [24, 41] 2.756477
  [25, 7] 2.104529
  [25, 8] 178.644003
  [25, 9] 435.341239
  [25, 24] 0.689416
  [25, 31] 0.069542
  [25, 38] 0.427896
  [25, 39] 23.614000
  [25, 47] 471.789890
  [26, 0] 1.177433
  [26, 1] 0.080437
  [26, 2] 0.231387
  [26, 3] 0.199889
  [26, 4] 0.080437
  [26, 5] 0.267273
  [26, 13] 5.124900
  [26, 14] 0.061595
  [26, 16] 0.055519
  [26, 17] 0.133834
  [26, 22] 0.208878
  [26, 26] 0.427465
  [26, 28] 0.208878
  [26, 29] 0.464141
  [26, 30] 0.397476
  [26, 33] 5.277936
  [26, 35] 0.213768
  [26, 36] 0.237572
  [26, 37] 0.123047
  [26, 43] 0.171015
  [26, 44] 0.804445
  [26, 45] 2.545873
  [27, 0] 0.086694
  [27, 2] 7.490086
  [27, 6] 1.794646
  [27, 7] 77.978406
  [27, 10] 0.524442
  [27, 12] 0.214164
  [27, 13] 0.079107
  [27, 14] 12.483165
  [27, 15] 32.004789
  [27, 16] 6.161775
  [27, 19] 0.107226
  [27, 22] 24.303164
  [27, 23] 107.291980
  [27, 24] 0.805595
  [27, 27] 71.174823
  [27, 28] 52.338372
  [27, 29] 1.211090
  [27, 30] 1.265422
  [27, 31] 109.627142
  [27, 32] 47.194379
  [27, 33] 0.156236
  [27, 35] 27.713819
  [27, 37] 2.665397
  [27, 41] 3.546539
  [28, 0] 0.057892
  [28, 1] 0.328401
  [28, 2] 9.731866
  [28, 6] 0.216861
  [28, 7] 3.188437
  [28, 13] 6.399059
  [28, 14] 4.702182
  [28, 15] 17.152626
  [28, 16] 1.273476
  [28, 17] 0.242283
  [28, 18] 0.124054
  [28, 22] 3.381529
  [28, 23] 9.586597
  [28, 24] 0.140019
  [28, 26] 9.866851
  [28, 27] 18.286658
  [28, 28] 6.771293
  [28, 29] 4.018447
  [28, 30] 5.457544
  [28, 31] 5.182540
  [28, 32] 2.890671
  [28, 33] 6.517036
  [28, 35] 4.384604
  [28, 36] 0.653674
  [28, 37] 0.141170
  [28, 41] 1.109437
  [28, 43] 7.210228
  [28, 44] 0.572985
  [28, 45] 3.006275
  [28, 48] 1.213067
  [29, 0] 8.209886
  [29, 1] 0.615415
  [29, 2] 9.654988
  [29, 3] 0.089283
  [29, 4] 0.126499
  [29, 6] 0.343432
  [29, 7] 0.320778
  [29, 10] 0.470002
  [29, 13] 15.415080
  [29, 14] 7.313390
  [29, 15] 0.292731
  [29, 16] 1.977815
  [29, 17] 0.352852
  [29, 18] 0.114166
  [29, 22] 0.820338
  [29, 23] 0.604772
  [29, 24] 0.522932
  [29, 26] 6.976000
  [29, 27] 0.910232
  [29, 28] 3.992018
  [29, 29] 5.158700
  [29, 30] 5.986733
  [29, 31] 0.249366
  [29, 32] 0.599917
  [29, 33] 13.290523
  [29, 35] 7.684797
  [29, 36] 0.681254
  [29, 37] 2.640047
  [29, 41] 1.969580
  [29, 43] 7.526439
  [29, 44] 1.175707
  [29, 45] 6.372666
  [29, 48] 1.308031
  [30, 0] 2.029378
  [30, 1] 0.976969
  [30, 2] 11.304582
  [30, 3] 0.338649
  [30, 4] 0.429622
  [30, 5] 0.108592
  [30, 6] 0.143543
  [30, 7] 1.073803
  [30, 10] 1.579188
  [30, 11] 0.248863
  [30, 12] 0.225167
  [30, 13] 14.440053
  [30, 14] 8.652669
  [30, 15] 0.668561
  [30, 16] 4.438145
  [30, 17] 1.348376
  [30, 18] 1.005196
  [30, 19] 0.278564
  [30, 20] 0.140594
  [30, 21] 0.059834
  [30, 22] 4.139948
  [30, 23] 1.637152
  [30, 24] 1.294439
  [30, 26] 7.710615
  [30, 27] 1.136406
  [30, 28] 8.930442
  [30, 29] 6.225995
  [30, 30] 7.542872
  [30, 31] 1.071430
  [30, 32] 1.964906
  [30, 33] 14.485755
  [30, 34] 0.695025
  [30, 35] 9.435539
  [30, 36] 1.446648
  [30, 37] 13.282756
  [30, 39] 0.310063
  [30, 40] 1.346290
  [30, 41] 6.816815
  [30, 42] 0.274680
  [30, 43] 9.291493
  [30, 44] 0.985024
  [30, 45] 6.989160
  [30, 48] 1.890545
  [31, 2] 0.929325
  [31, 6] 0.318908
  [31, 7] 119.189000
  [31, 14] 1.623200
  [31, 15] 2.331530
  [31, 16] 1.654160
  [31, 22] 4.489025
  [31, 23] 61.441051
  [31, 24] 1.308391
  [31, 27] 12.228010
  [31, 28] 10.667088
  [31, 31] 151.215652
  [31, 32] 40.027804
  [31, 35] 6.141207
  [31, 37] 0.141781
  [32, 2] 2.902753
  [32, 6] 1.015084
  [32, 7] 290.087150
  [32, 8] 2.105608
  [32, 9] 2.097086
  [32, 10] 3.229428
  [32, 11] 0.242175
  [32, 12] 0.121501
  [32, 14] 4.687187
  [32, 15] 9.280957
  [32, 16] 2.943313
  [32, 18] 0.250877
  [32, 19] 0.270545
  [32, 20] 0.109958
  [32, 22] 10.647887
  [32, 23] 64.148878
  [32, 24] 29.965235
  [32, 27] 24.774281
  [32, 28] 26.045096
  [32, 29] 0.092303
  [32, 30] 0.442459
  [32, 31] 246.023568
  [32, 32] 87.150950
  [32, 35] 14.680825
  [32, 37] 3.420723
  [32, 39] 4.453571
  [32, 40] 0.417504
  [32, 41] 10.696142
  [32, 47] 0.093454
  [33, 0] 9.758367
  [33, 1] 0.215782
  [33, 2] 0.325992
  [33, 5] 0.217760
  [33, 13] 12.524445
  [33, 14] 0.560616
  [33, 15] 0.167491
  [33, 16] 0.644253
  [33, 17] 0.458136
  [33, 19] 0.058611
  [33, 26] 0.981716
  [33, 28] 0.209741
  [33, 29] 1.483613
  [33, 30] 1.871919
  [33, 33] 11.749378
  [33, 35] 0.843063
  [33, 36] 0.486111
  [33, 37] 0.710631
  [33, 41] 0.356736
  [33, 43] 0.501681
  [33, 44] 2.494238
  [33, 45] 6.675034
  [34, 7] 0.078136
  [34, 8] 3.462650
  [34, 9] 5.532516
  [34, 10] 25.323534
  [34, 11] 68.023998
  [34, 12] 25.576856
  [34, 18] 3.907482
  [34, 20] 1.183330
  [34, 21] 64.679289
  [34, 25] 53.518610
  [34, 34] 13.591057
  [34, 37] 0.145952
  [34, 39] 13.495409
  [34, 40] 97.618438
  [34, 42] 10.856801
  [34, 47] 34.077172
  [35, 0] 0.090757
  [35, 1] 0.950361
  [35, 2] 13.032347
  [35, 3] 0.088887
  [35, 4] 0.483738
  [35, 5] 0.163032
  [35, 7] 3.775014
  [35, 9] 0.114633
  [35, 10] 7.979758
  [35, 11] 1.039500
  [35, 12] 1.290017
  [35, 13] 7.065319
  [35, 14] 9.990869
  [35, 15] 6.889306
  [35, 16] 3.945741
  [35, 17] 1.454163
  [35, 18] 3.909208
  [35, 19] 0.746049
  [35, 20] 0.737060
  [35, 21] 0.111325
  [35, 22] 2.452491
  [35, 23] 4.966327
  [35, 24] 3.895616
  [35, 26] 12.267420
  [35, 27] 9.395518
  [35, 28] 8.891931
  [35, 29] 6.244513
  [35, 30] 6.787222
  [35, 31] 4.221033
  [35, 32] 4.355370
  [35, 33] 8.543142
  [35, 34] 1.472502
  [35, 35] 6.853061
  [35, 36] 0.542601
  [35, 37] 22.086986
  [35, 39] 1.664120
  [35, 40] 3.166359
  [35, 41] 12.823397
  [35, 42] 1.285774
  [35, 43] 12.100360
  [35, 44] 1.044750
  [35, 45] 3.259885
  [35, 48] 2.130563
  [36, 0] 6.906458
  [36, 1] 0.168030
  [36, 2] 0.210928
  [36, 4] 0.093849
  [36, 13] 21.541940
  [36, 14] 0.212761
  [36, 16] 0.136172
  [36, 17] 0.135992
  [36, 26] 0.777368
  [36, 28] 0.188993
  [36, 29] 1.004801
  [36, 30] 0.833390
  [36, 33] 21.727194
  [36, 35] 0.178278
  [36, 36] 0.676112
  [36, 43] 0.186656
  [36, 44] 4.539941
  [36, 45] 10.750007
  [36, 48] 0.198666
  [37, 2] 7.872819
  [37, 4] 0.059582
  [37, 5] 0.324734
  [37, 6] 0.250948
  [37, 7] 48.749367
  [37, 8] 2.972727
  [37, 9] 1.711656
  [37, 10] 37.891164
  [37, 11] 7.784543
  [37, 12] 10.471299
  [37, 14] 13.445608
  [37, 15] 21.618386
  [37, 16] 6.413478
  [37, 17] 0.900415
  [37, 18] 10.790423
  [37, 19] 1.084806
  [37, 20] 2.596718
  [37, 21] 0.877223
  [37, 22] 15.747293
  [37, 23] 35.592284
  [37, 24] 36.328013
  [37, 25] 0.234480
  [37, 26] 0.261987
  [37, 27] 41.276145
  [37, 28] 40.441029
  [37, 29] 2.295716
  [37, 30] 3.282070
  [37, 31] 43.335799
  [37, 32] 34.841955
  [37, 33] 0.144406
  [37, 34] 10.531240
  [37, 35] 18.017695
  [37, 37] 29.119511
  [37, 39] 26.032295
  [37, 40] 16.843714
  [37, 41] 19.081322
  [37, 42] 8.217294
  [37, 43] 0.337786
  [37, 47] 0.987289
  [37, 48] 0.097445
  [38, 2] 0.072491
  [38, 7] 0.684993
  [38, 9] 0.675321
  [38, 16] 0.163356
  [38, 23] 0.185074
  [38, 28] 0.114166
  [38, 31] 0.679168
  [38, 35] 0.134302
  [39, 7] 59.293732
  [39, 8] 0.869276
  [39, 9] 4.773270
  [39, 14] 0.118444
  [39, 22] 0.056202
  [39, 23] 1.303213
  [39, 24] 0.265799
  [39, 28] 0.226102
  [39, 31] 39.352663
  [39, 32] 3.400839
  [39, 35] 0.105464
  [39, 39] 0.201183
  [40, 7] 91.389638
  [40, 8] 91.744900
  [40, 9] 93.435485
  [40, 10] 45.547267
  [40, 18] 0.176444
  [40, 19] 0.245339
  [40, 20] 0.167491
  [40, 21] 0.178098
  [40, 23] 0.709085
  [40, 24] 165.444453
  [40, 31] 14.802470
  [40, 32] 2.980530
  [40, 37] 1.683789
  [40, 39] 170.703008
  [40, 40] 3.084195
  [40, 41] 2.842740
  [40, 47] 17.305446
  [41, 1] 0.156667
  [41, 2] 9.655708
  [41, 3] 0.059330
  [41, 4] 0.055734
  [41, 5] 0.220780
  [41, 6] 2.615703
  [41, 7] 106.123537
  [41, 8] 3.073192
  [41, 9] 1.976700
  [41, 10] 24.536745
  [41, 11] 3.126446
  [41, 12] 5.029360
  [41, 13] 0.075871
  [41, 14] 15.320512
  [41, 15] 29.924891
  [41, 16] 7.620541
  [41, 17] 0.117546
  [41, 18] 3.881413
  [41, 19] 1.462793
  [41, 20] 0.872045
  [41, 21] 0.855972
  [41, 22] 23.202105
  [41, 23] 58.233737
  [41, 24] 35.343960
  [41, 25] 0.155481
  [41, 26] 0.387372
  [41, 27] 55.835577
  [41, 28] 51.629539
  [41, 29] 2.527931
  [41, 30] 3.162583
  [41, 31] 100.335542
  [41, 32] 58.055423
  [41, 33] 0.068391
  [41, 34] 4.353968
  [41, 35] 30.122334
  [41, 36] 0.117042
  [41, 37] 18.516679
  [41, 39] 16.462922
  [41, 40] 8.749287
  [41, 41] 17.314615
  [41, 42] 2.681434
  [41, 43] 0.313730
  [41, 47] 0.519840
  [42, 7] 0.064220
  [42, 8] 8.223658
  [42, 9] 15.834131
  [42, 10] 16.911889
  [42, 11] 26.149985
  [42, 12] 7.862536
  [42, 18] 1.344852
  [42, 20] 0.507506
  [42, 21] 46.180373
  [42, 25] 42.416614
  [42, 34] 3.915752
  [42, 39] 18.011978
  [42, 40] 59.859310
  [42, 42] 3.839594
  [42, 47] 102.539242
  [43, 2] 1.293684
  [43, 3] 1.977455
  [43, 4] 2.105860
  [43, 5] 0.481005
  [43, 6] 0.699772
  [43, 7] 0.728178
  [43, 10] 1.434746
  [43, 14] 2.819224
  [43, 15] 0.301433
  [43, 16] 11.964153
  [43, 17] 4.283347
  [43, 18] 0.423761
  [43, 19] 0.249151
  [43, 20] 0.159688
  [43, 21] 0.054835
  [43, 22] 1.670844
  [43, 23] 1.415761
  [43, 24] 1.480484
  [43, 26] 0.125744
  [43, 27] 0.804013
  [43, 28] 8.185471
  [43, 29] 0.346308
  [43, 30] 0.883012
  [43, 31] 0.944176
  [43, 32] 1.907014
  [43, 35] 13.507707
  [43, 37] 13.705690
  [43, 39] 0.170943
  [43, 40] 0.490354
  [43, 41] 9.243381
  [43, 43] 0.502796
  [43, 45] 0.059582
  [43, 48] 0.408047
  [44, 0] 4.253862
  [44, 1] 0.384603
  [44, 4] 0.140594
  [44, 5] 0.102443
  [44, 13] 10.903402
  [44, 14] 0.195933
  [44, 16] 0.189641
  [44, 26] 0.516568
  [44, 28] 0.138832
  [44, 29] 1.262185
  [44, 30] 0.638896
  [44, 33] 12.975534
  [44, 35] 0.896424
  [44, 36] 0.483882
  [44, 37] 0.274429
  [44, 43] 0.583485
  [44, 44] 6.554468
  [44, 45] 7.208826
  [45, 0] 9.672032
  [45, 1] 0.188562
  [45, 2] 0.183384
  [45, 5] 0.060840
  [45, 13] 12.581510
  [45, 14] 0.055303
  [45, 16] 0.324769
  [45, 17] 0.233940
  [45, 26] 1.591593
  [45, 28] 0.061883
  [45, 29] 0.757951
  [45, 30] 0.270653
  [45, 33] 14.415278
  [45, 35] 0.458029
  [45, 36] 0.746948
  [45, 41] 0.100322
  [45, 43] 0.689991
  [45, 44] 2.211503
  [45, 45] 5.302675
  [46, 0] 1.785945
  [46, 1] 0.417900
  [46, 2] 0.195394
  [46, 13] 5.530215
  [46, 16] 0.175114
  [46, 17] 0.157998
  [46, 26] 0.363280
  [46, 28] 0.381942
  [46, 29] 0.475288
  [46, 30] 0.514194
  [46, 33] 6.459936
  [46, 35] 0.555186
  [46, 36] 0.404991
  [46, 43] 0.141278
  [46, 44] 2.526960
  [46, 45] 2.790098
  [46, 48] 0.184319
  [47, 9] 1.079916
  [48, 1] 0.170295
  [48, 2] 3.969041
  [48, 3] 2.731127
  [48, 4] 2.195250
  [48, 5] 0.648604
  [48, 6] 0.164866
  [48, 7] 1.036695
  [48, 10] 2.241025
  [48, 11] 0.294241
  [48, 14] 2.425164
  [48, 15] 0.681254
  [48, 16] 12.326750
  [48, 17] 3.649953
  [48, 18] 1.143202
  [48, 19] 0.179033
  [48, 20] 0.349796
  [48, 22] 2.454901
  [48, 23] 2.236458
  [48, 24] 1.136513
  [48, 26] 0.373852
  [48, 27] 0.636702
  [48, 28] 11.115049
  [48, 29] 0.535625
  [48, 30] 0.404560
  [48, 31] 1.462865
  [48, 32] 1.954730
  [48, 34] 0.330487
  [48, 35] 16.611355
  [48, 36] 0.088528
  [48, 37] 16.234591
  [48, 39] 0.166915
  [48, 40] 0.476151
  [48, 41] 8.027581
  [48, 42] 0.202873
  [48, 43] 0.493878
  [48, 48] 0.159796
;
