# auto-generated by scripts/run_iterated.py
# per-source A_l; self-recruitment (diagonal) retained

set N :=
  0
  1
  2
  3
  4
  5
  6
  7
  8
  9
  10
  11
  12
  13
  14
  15
  16
  17
  18
  19
  20
  21
  22
  23
  24
  25
  26
  27
  28
  29
  30
  31
  32
  33
  34
  35
  36
  37
  38
  39
  40
  41
  42
  43
  44
  45
  46
  47
  48
;

param K := 25;

param Pe :=
  0 400.000000
  1 400.000000
  2 400.000000
  3 400.000000
  4 400.000000
  5 200.000000
  6 200.000000
  7 100.000000
  8 100.000000
  9 100.000000
  10 100.000000
  11 100.000000
  12 100.000000
  13 400.000000
  14 400.000000
  15 200.000000
  16 200.000000
  17 400.000000
  18 100.000000
  19 200.000000
  20 100.000000
  21 100.000000
  22 200.000000
  23 200.000000
  24 100.000000
  25 100.000000
  26 400.000000
  27 200.000000
  28 200.000000
  29 400.000000
  30 400.000000
  31 100.000000
  32 100.000000
  33 400.000000
  34 100.000000
  35 200.000000
  36 400.000000
  37 200.000000
  38 100.000000
  39 100.000000
  40 100.000000
  41 200.000000
  42 100.000000
  43 400.000000
  44 400.000000
  45 400.000000
  46 100.000000
  47 100.000000
  48 400.000000
;

param W :=
  [0, 0] 32.410447
  [0, 1] 0.102264
  [0, 13] 3.569874
  [0, 16] 0.573342
  [0, 17] 0.239245
  [0, 26] 1.102755
  [0, 28] 0.063570
  [0, 29] 0.240208
  [0, 33] 3.677540
  [0, 35] 0.484144
  [0, 43] 0.591098
  [0, 44] 1.158410
  [0, 45] 2.018570
  [0, 48] 0.311190
  [1, 0] 2.098339
  [1, 2] 0.182632
  [1, 4] 0.057601
  [1, 13] 5.842395
  [1, 14] 0.146871
  [1, 16] 0.539903
  [1, 17] 0.107590
  [1, 26] 0.474232
  [1, 28] 0.355282
  [1, 29] 0.621179
  [1, 30] 0.154214
  [1, 33] 8.070432
  [1, 35] 0.604886
  [1, 36] 0.474232
  [1, 37] 0.223748
  [1, 41] 0.405271
  [1, 43] 0.267274
  [1, 44] 0.659656
  [1, 45] 4.636066
  [2, 0] 0.077205
  [2, 1] 0.624460
  [2, 2] 7.638544
  [2, 3] 1.035204
  [2, 4] 1.755250
  [2, 5] 0.240612
  [2, 6] 1.385480
  [2, 7] 4.371171
  [2, 8] 0.257979
  [2, 9] 0.226003
  [2, 10] 12.787182
  [2, 12] 1.380013
  [2, 13] 4.072413
  [2, 14] 8.298221
  [2, 15] 3.869001
  [2, 16] 17.334725
  [2, 17] 5.222215
  [2, 18] 6.124535
  [2, 19] 1.375853
  [2, 20] 1.452816
  [2, 22] 5.412373
  [2, 23] 8.980246
  [2, 24] 5.601322
  [2, 26] 0.928200
  [2, 27] 6.699412
  [2, 28] 21.591975
  [2, 29] 2.293169
  [2, 30] 3.105320
  [2, 31] 4.731799
  [2, 32] 8.387567
  [2, 33] 5.615012
  [2, 34] 1.700394
  [2, 35] 23.805086
  [2, 36] 0.119097
  [2, 37] 60.381052
  [2, 39] 2.118781
  [2, 40] 4.743119
  [2, 41] 34.425306
  [2, 42] 1.468876
  [2, 43] 3.459176
  [2, 44] 0.457038
  [2, 45] 3.078715
  [2, 47] 0.074061
  [2, 48] 0.518472
  [3, 1] 0.362688
  [3, 2] 0.201910
  [3, 3] 0.736161
  [3, 4] 1.762449
  [3, 5] 0.551261
  [3, 7] 0.197232
  [3, 10] 0.228506
  [3, 13] 1.265078
  [3, 14] 0.386153
  [3, 15] 0.122739
  [3, 16] 3.946578
  [3, 17] 1.562588
  [3, 18] 0.153704
  [3, 19] 0.322136
  [3, 22] 0.775283
  [3, 23] 0.438921
  [3, 24] 0.151771
  [3, 26] 0.058451
  [3, 27] 0.227965
  [3, 28] 2.218921
  [3, 29] 0.058219
  [3, 30] 0.063012
  [3, 31] 0.218069
  [3, 32] 0.244395
  [3, 33] 1.375755
  [3, 34] 0.212695
  [3, 35] 3.941205
  [3, 37] 3.898449
  [3, 41] 2.862651
  [3, 42] 0.202335
  [3, 43] 0.597843
  [3, 44] 0.162827
  [3, 45] 0.512564
  [3, 48] 0.407686
  [4, 2] 1.543953
  [4, 3] 3.231708
  [4, 4] 3.749323
  [4, 5] 3.263008
  [4, 6] 0.517538
  [4, 7] 2.177487
  [4, 10] 8.006204
  [4, 11] 0.464258
  [4, 12] 2.866204
  [4, 14] 2.107315
  [4, 15] 2.986356
  [4, 16] 11.072402
  [4, 17] 6.411184
  [4, 18] 5.591093
  [4, 19] 0.890031
  [4, 20] 0.937408
  [4, 22] 3.618415
  [4, 23] 6.970352
  [4, 24] 3.230543
  [4, 27] 5.291218
  [4, 28] 7.652545
  [4, 29] 0.109705
  [4, 30] 0.239837
  [4, 31] 2.681084
  [4, 32] 5.028586
  [4, 34] 3.660277
  [4, 35] 8.757288
  [4, 37] 53.701558
  [4, 39] 1.097442
  [4, 40] 3.685170
  [4, 41] 29.879600
  [4, 42] 6.017954
  [4, 43] 0.179373
  [5, 2] 0.171144
  [5, 3] 0.779545
  [5, 4] 3.665625
  [5, 5] 19.896545
  [5, 6] 0.116924
  [5, 7] 0.430247
  [5, 10] 1.853268
  [5, 11] 7.038028
  [5, 12] 7.046619
  [5, 14] 0.318724
  [5, 15] 0.175972
  [5, 16] 3.876208
  [5, 17] 2.012221
  [5, 18] 2.539373
  [5, 19] 0.551398
  [5, 20] 0.177854
  [5, 21] 0.238266
  [5, 22] 0.488668
  [5, 23] 1.361327
  [5, 24] 1.196047
  [5, 25] 0.910133
  [5, 27] 0.321833
  [5, 28] 0.887305
  [5, 31] 0.638293
  [5, 32] 1.552190
  [5, 34] 12.938075
  [5, 35] 0.982464
  [5, 37] 28.830634
  [5, 39] 0.277949
  [5, 40] 1.227357
  [5, 41] 13.972524
  [5, 42] 25.652286
  [6, 0] 0.207833
  [6, 1] 0.644212
  [6, 2] 10.265991
  [6, 3] 0.075671
  [6, 4] 0.133157
  [6, 6] 0.272017
  [6, 7] 4.053198
  [6, 8] 0.056760
  [6, 10] 3.901157
  [6, 11] 0.393204
  [6, 12] 1.300233
  [6, 13] 4.624160
  [6, 14] 8.500434
  [6, 15] 7.280875
  [6, 16] 1.587180
  [6, 17] 1.689267
  [6, 18] 2.872995
  [6, 19] 0.389761
  [6, 20] 0.470274
  [6, 21] 0.069349
  [6, 22] 2.619700
  [6, 23] 7.216018
  [6, 24] 2.248581
  [6, 26] 7.914084
  [6, 27] 8.259728
  [6, 28] 7.512542
  [6, 29] 4.298234
  [6, 30] 6.477466
  [6, 31] 4.369735
  [6, 32] 3.819648
  [6, 33] 5.100002
  [6, 34] 1.453996
  [6, 35] 5.579771
  [6, 36] 0.733360
  [6, 37] 12.340634
  [6, 39] 1.168528
  [6, 40] 2.548979
  [6, 41] 6.502887
  [6, 42] 0.581130
  [6, 43] 9.881045
  [6, 44] 0.354844
  [6, 45] 2.848515
  [6, 47] 0.128611
  [6, 48] 1.582715
  [7, 2] 3.201140
  [7, 6] 0.380987
  [7, 7] 320.650566
  [7, 9] 0.694283
  [7, 10] 0.230172
  [7, 14] 2.681248
  [7, 15] 4.487989
  [7, 16] 2.235366
  [7, 22] 9.042209
  [7, 23] 146.333100
  [7, 24] 2.041774
  [7, 27] 17.518225
  [7, 28] 24.674094
  [7, 31] 434.256228
  [7, 32] 109.736731
  [7, 35] 13.007997
  [7, 37] 1.233255
  [7, 41] 2.657793
  [9, 9] 0.358275
  [9, 23] 0.096705
  [9, 27] 0.064824
  [9, 28] 0.045308
  [9, 31] 0.122643
  [10, 6] 0.121409
  [10, 7] 249.728884
  [10, 8] 32.436493
  [10, 9] 45.313492
  [10, 10] 4.303876
  [10, 20] 0.189594
  [10, 22] 0.156249
  [10, 23] 2.497995
  [10, 24] 97.882855
  [10, 27] 0.091840
  [10, 28] 0.489090
  [10, 31] 84.925593
  [10, 32] 13.916525
  [10, 35] 0.592543
  [10, 37] 0.214852
  [10, 39] 20.122290
  [10, 40] 0.448798
  [10, 41] 2.367751
  [10, 47] 0.948825
  [13, 0] 12.423748
  [13, 1] 0.717362
  [13, 2] 0.134202
  [13, 4] 0.320046
  [13, 5] 0.164728
  [13, 13] 13.741441
  [13, 14] 0.299580
  [13, 16] 0.585024
  [13, 17] 0.214810
  [13, 26] 0.760072
  [13, 29] 1.710152
  [13, 30] 0.792159
  [13, 33] 13.613223
  [13, 36] 0.539062
  [13, 41] 0.178213
  [13, 44] 2.137559
  [13, 45] 6.756400
  [14, 1] 0.548642
  [14, 2] 5.776839
  [14, 3] 0.815890
  [14, 4] 1.421563
  [14, 5] 0.689589
  [14, 6] 0.679658
  [14, 7] 10.456344
  [14, 8] 0.201139
  [14, 9] 0.142904
  [14, 10] 30.010118
  [14, 11] 2.570661
  [14, 12] 5.032726
  [14, 13] 0.783136
  [14, 14] 8.632253
  [14, 15] 10.486439
  [14, 16] 15.283016
  [14, 17] 6.209111
  [14, 18] 11.565013
  [14, 19] 1.824141
  [14, 20] 3.196297
  [14, 21] 0.290723
  [14, 22] 10.559321
  [14, 23] 16.440039
  [14, 24] 12.556912
  [14, 25] 0.311088
  [14, 26] 2.589069
  [14, 27] 18.698459
  [14, 28] 27.865911
  [14, 29] 2.005517
  [14, 30] 3.042408
  [14, 31] 11.437308
  [14, 32] 14.720932
  [14, 33] 1.590650
  [14, 34] 5.313668
  [14, 35] 19.583368
  [14, 37] 93.179550
  [14, 39] 7.251520
  [14, 40] 11.456669
  [14, 41] 46.894969
  [14, 42] 3.516915
  [14, 43] 0.904271
  [14, 45] 0.196022
  [14, 47] 0.172347
  [14, 48] 0.233692
  [15, 2] 5.744529
  [15, 6] 0.809251
  [15, 7] 62.706388
  [15, 10] 0.125193
  [15, 14] 5.112831
  [15, 15] 13.961707
  [15, 16] 3.818607
  [15, 22] 13.669316
  [15, 23] 99.372125
  [15, 24] 1.396200
  [15, 27] 39.900912
  [15, 28] 34.557155
  [15, 29] 0.105973
  [15, 30] 0.485792
  [15, 31] 95.472208
  [15, 32] 35.649356
  [15, 35] 19.979647
  [15, 37] 1.067393
  [15, 41] 1.188781
  [16, 0] 0.094841
  [16, 1] 0.146860
  [16, 2] 9.984082
  [16, 3] 0.340110
  [16, 4] 0.379032
  [16, 5] 0.834879
  [16, 6] 0.688608
  [16, 7] 10.811420
  [16, 8] 0.191264
  [16, 9] 0.085460
  [16, 10] 19.885647
  [16, 11] 3.569115
  [16, 12] 4.839460
  [16, 13] 1.753747
  [16, 14] 7.108174
  [16, 15] 11.133614
  [16, 16] 11.354382
  [16, 17] 2.262202
  [16, 18] 9.140042
  [16, 19] 0.934650
  [16, 20] 1.924961
  [16, 21] 0.695745
  [16, 22] 7.522597
  [16, 23] 12.708900
  [16, 24] 10.451370
  [16, 25] 0.163194
  [16, 26] 3.619037
  [16, 27] 15.684615
  [16, 28] 17.533387
  [16, 29] 3.084242
  [16, 30] 5.492384
  [16, 31] 10.092792
  [16, 32] 11.376308
  [16, 33] 1.905389
  [16, 34] 4.493023
  [16, 35] 14.866401
  [16, 36] 0.282757
  [16, 37] 48.718381
  [16, 39] 4.092432
  [16, 40] 9.962487
  [16, 41] 26.733100
  [16, 42] 2.807923
  [16, 43] 3.238680
  [16, 44] 0.149030
  [16, 45] 0.597998
  [16, 47] 0.117760
  [16, 48] 1.124700
  [17, 2] 4.335695
  [17, 3] 1.522753
  [17, 4] 2.691123
  [17, 5] 0.615788
  [17, 6] 0.463634
  [17, 7] 5.135100
  [17, 10] 13.596770
  [17, 11] 1.293695
  [17, 12] 1.661049
  [17, 13] 0.089391
  [17, 14] 6.429883
  [17, 15] 6.476492
  [17, 16] 12.800427
  [17, 17] 5.570656
  [17, 18] 6.814116
  [17, 19] 0.987614
  [17, 20] 0.700345
  [17, 21] 0.459605
  [17, 22] 5.643933
  [17, 23] 11.264340
  [17, 24] 7.460883
  [17, 27] 7.974147
  [17, 28] 15.644872
  [17, 29] 0.790945
  [17, 30] 1.245072
  [17, 31] 5.834116
  [17, 32] 9.434338
  [17, 33] 0.270188
  [17, 34] 2.818623
  [17, 35] 14.067333
  [17, 36] 0.120128
  [17, 37] 58.300917
  [17, 39] 2.523781
  [17, 40] 6.945564
  [17, 41] 35.186662
  [17, 42] 1.515622
  [17, 43] 0.653696
  [17, 45] 0.084678
  [17, 47] 0.142929
  [18, 2] 0.076236
  [18, 5] 0.281414
  [18, 7] 0.524288
  [18, 8] 4.029220
  [18, 9] 4.675916
  [18, 10] 62.028259
  [18, 11] 43.094583
  [18, 12] 26.389925
  [18, 14] 0.104222
  [18, 18] 7.340649
  [18, 19] 0.092731
  [18, 20] 2.136881
  [18, 21] 18.244145
  [18, 22] 0.135681
  [18, 23] 0.136070
  [18, 24] 3.784039
  [18, 25] 9.754741
  [18, 28] 0.316551
  [18, 31] 0.036005
  [18, 32] 0.173902
  [18, 34] 15.925366
  [18, 35] 0.204561
  [18, 37] 2.609766
  [18, 39] 30.255341
  [18, 40] 73.365962
  [18, 41] 1.297504
  [18, 42] 14.367740
  [18, 47] 9.867462
  [19, 2] 0.833516
  [19, 5] 0.098546
  [19, 7] 107.845189
  [19, 8] 13.664421
  [19, 9] 11.201400
  [19, 10] 55.285046
  [19, 11] 3.261130
  [19, 12] 4.436271
  [19, 14] 1.276357
  [19, 15] 2.974527
  [19, 16] 1.054675
  [19, 17] 0.087023
  [19, 18] 3.311464
  [19, 19] 0.784544
  [19, 20] 1.446607
  [19, 21] 0.829693
  [19, 22] 2.494132
  [19, 23] 13.429592
  [19, 24] 115.085057
  [19, 25] 0.417046
  [19, 26] 0.059316
  [19, 27] 6.248359
  [19, 28] 6.325116
  [19, 29] 0.213590
  [19, 30] 0.117663
  [19, 31] 47.300623
  [19, 32] 34.727540
  [19, 34] 4.114837
  [19, 35] 3.708947
  [19, 36] 0.040434
  [19, 37] 9.799785
  [19, 39] 64.649898
  [19, 40] 11.493581
  [19, 41] 17.090039
  [19, 42] 2.960883
  [19, 43] 0.043760
  [19, 47] 2.367774
  [22, 0] 0.098118
  [22, 2] 6.542696
  [22, 6] 0.479672
  [22, 7] 15.634057
  [22, 13] 1.810565
  [22, 14] 7.918734
  [22, 15] 35.831712
  [22, 16] 0.712875
  [22, 17] 0.095291
  [22, 22] 8.838847
  [22, 23] 28.865450
  [22, 24] 0.542039
  [22, 26] 1.794126
  [22, 27] 40.088390
  [22, 28] 19.147850
  [22, 29] 3.330301
  [22, 30] 4.145382
  [22, 31] 23.560880
  [22, 32] 8.271540
  [22, 33] 2.362564
  [22, 35] 8.297287
  [22, 36] 0.218938
  [22, 37] 0.512421
  [22, 39] 0.268432
  [22, 41] 0.444574
  [22, 43] 1.285401
  [22, 45] 0.711135
  [22, 48] 0.102728
  [23, 2] 18.766196
  [23, 6] 5.003024
  [23, 7] 316.578154
  [23, 10] 0.801141
  [23, 14] 32.593516
  [23, 15] 77.595863
  [23, 16] 17.529903
  [23, 19] 0.875855
  [23, 20] 0.302803
  [23, 22] 68.091996
  [23, 23] 326.793933
  [23, 24] 7.025196
  [23, 26] 0.220618
  [23, 27] 167.148327
  [23, 28] 157.452554
  [23, 29] 2.266271
  [23, 30] 3.475455
  [23, 31] 429.825339
  [23, 32] 173.361282
  [23, 35] 84.789057
  [23, 37] 10.403950
  [23, 39] 1.000733
  [23, 40] 0.512748
  [23, 41] 14.472309
  [23, 43] 0.322335
  [24, 2] 0.210435
  [24, 7] 372.529836
  [24, 8] 1.505773
  [24, 9] 5.820353
  [24, 14] 0.628074
  [24, 15] 0.464524
  [24, 16] 0.370090
  [24, 22] 1.147654
  [24, 23] 24.638407
  [24, 24] 17.053109
  [24, 27] 3.135384
  [24, 28] 2.921719
  [24, 31] 284.314451
  [24, 32] 53.684545
  [24, 35] 1.012937
  [24, 37] 0.465997
  [24, 40] 0.131961
  [24, 41] 3.641473
  [26, 0] 1.366984
  [26, 1] 0.093387
  [26, 2] 0.268638
  [26, 3] 0.232068
  [26, 4] 0.093387
  [26, 5] 0.310301
  [26, 13] 5.949939
  [26, 14] 0.071511
  [26, 16] 0.064456
  [26, 17] 0.155380
  [26, 22] 0.242504
  [26, 26] 0.496280
  [26, 28] 0.242504
  [26, 29] 0.538862
  [26, 30] 0.461464
  [26, 33] 6.127611
  [26, 35] 0.248182
  [26, 36] 0.275818
  [26, 37] 0.142856
  [26, 43] 0.198546
  [26, 44] 0.933949
  [26, 45] 2.955724
  [27, 0] 0.167887
  [27, 2] 14.504956
  [27, 6] 3.475429
  [27, 7] 151.009390
  [27, 10] 1.015611
  [27, 12] 0.414740
  [27, 13] 0.153195
  [27, 14] 24.174323
  [27, 15] 61.979001
  [27, 16] 11.932609
  [27, 19] 0.207648
  [27, 22] 47.064388
  [27, 23] 207.776709
  [27, 24] 1.560079
  [27, 27] 137.833885
  [27, 28] 101.356082
  [27, 29] 2.345340
  [27, 30] 2.450557
  [27, 31] 212.298875
  [27, 32] 91.394461
  [27, 33] 0.302559
  [27, 35] 53.669306
  [27, 37] 5.161685
  [27, 41] 6.868064
  [28, 0] 0.109533
  [28, 1] 0.621345
  [28, 2] 18.412988
  [28, 6] 0.410307
  [28, 7] 6.032620
  [28, 13] 12.107216
  [28, 14] 8.896672
  [28, 15] 32.453293
  [28, 16] 2.409456
  [28, 17] 0.458406
  [28, 18] 0.234714
  [28, 22] 6.397957
  [28, 23] 18.138135
  [28, 24] 0.264920
  [28, 26] 18.668384
  [28, 27] 34.598917
  [28, 28] 12.811493
  [28, 29] 7.603025
  [28, 30] 10.325841
  [28, 31] 9.805524
  [28, 32] 5.469239
  [28, 33] 12.330432
  [28, 35] 8.295805
  [28, 36] 1.236771
  [28, 37] 0.267097
  [28, 41] 2.099089
  [28, 43] 13.641972
  [28, 44] 1.084105
  [28, 45] 5.687965
  [28, 48] 2.295160
  [29, 0] 9.415172
  [29, 1] 0.705764
  [29, 2] 11.072428
  [29, 3] 0.102390
  [29, 4] 0.145070
  [29, 6] 0.393850
  [29, 7] 0.367871
  [29, 10] 0.539003
  [29, 13] 17.678153
  [29, 14] 8.387062
  [29, 15] 0.335707
  [29, 16] 2.268176
  [29, 17] 0.404654
  [29, 18] 0.130926
  [29, 22] 0.940771
  [29, 23] 0.693558
  [29, 24] 0.599703
  [29, 26] 8.000139
  [29, 27] 1.043862
  [29, 28] 4.578083
  [29, 29] 5.916044
  [29, 30] 6.865639
  [29, 31] 0.285976
  [29, 32] 0.687991
  [29, 33] 15.241691
  [29, 35] 8.812994
  [29, 36] 0.781268
  [29, 37] 3.027629
  [29, 41] 2.258732
  [29, 43] 8.631389
  [29, 44] 1.348312
  [29, 45] 7.308231
  [29, 48] 1.500062
  [30, 0] 2.380985
  [30, 1] 1.146238
  [30, 2] 13.263197
  [30, 3] 0.397323
  [30, 4] 0.504058
  [30, 5] 0.127407
  [30, 6] 0.168413
  [30, 7] 1.259849
  [30, 10] 1.852796
  [30, 11] 0.291981
  [30, 12] 0.264179
  [30, 13] 16.941916
  [30, 14] 10.151818
  [30, 15] 0.784394
  [30, 16] 5.207091
  [30, 17] 1.581994
  [30, 18] 1.179355
  [30, 19] 0.326827
  [30, 20] 0.164954
  [30, 21] 0.070200
  [30, 22] 4.857230
  [30, 23] 1.920802
  [30, 24] 1.518712
  [30, 26] 9.046545
  [30, 27] 1.333298
  [30, 28] 10.477718
  [30, 29] 7.304702
  [30, 30] 8.849739
  [30, 31] 1.257065
  [30, 32] 2.305343
  [30, 33] 16.995536
  [30, 34] 0.815445
  [30, 35] 11.070327
  [30, 36] 1.697292
  [30, 37] 15.584107
  [30, 39] 0.363784
  [30, 40] 1.579547
  [30, 41] 7.997887
  [30, 42] 0.322271
  [30, 43] 10.901323
  [30, 44] 1.155688
  [30, 45] 8.200092
  [30, 48] 2.218099
  [31, 2] 3.140863
  [31, 6] 1.077822
  [31, 7] 402.825845
  [31, 14] 5.485968
  [31, 15] 7.879926
  [31, 16] 5.590602
  [31, 22] 15.171662
  [31, 23] 207.653755
  [31, 24] 4.422000
  [31, 27] 41.327291
  [31, 28] 36.051808
  [31, 31] 511.067066
  [31, 32] 135.282902
  [31, 35] 20.755580
  [31, 37] 0.479181
  [32, 2] 6.522020
  [32, 6] 2.280732
  [32, 7] 651.779243
  [32, 8] 4.730963
  [32, 9] 4.711816
  [32, 10] 7.256007
  [32, 11] 0.544128
  [32, 12] 0.272993
  [32, 14] 10.531358
  [32, 15] 20.852820
  [32, 16] 6.613153
  [32, 18] 0.563679
  [32, 19] 0.607872
  [32, 20] 0.247059
  [32, 22] 23.924092
  [32, 23] 144.132228
  [32, 24] 67.327072
  [32, 27] 55.663831
  [32, 28] 58.519149
  [32, 29] 0.207391
  [32, 30] 0.994134
  [32, 31] 552.775449
  [32, 32] 195.814191
  [32, 35] 32.985456
  [32, 37] 7.685816
  [32, 39] 10.006458
  [32, 40] 0.938065
  [32, 41] 24.032514
  [32, 47] 0.209976
  [33, 0] 11.807391
  [33, 1] 0.261091
  [33, 2] 0.394443
  [33, 5] 0.263484
  [33, 13] 15.154280
  [33, 14] 0.678332
  [33, 15] 0.202660
  [33, 16] 0.779531
  [33, 17] 0.554334
  [33, 19] 0.070918
  [33, 26] 1.187853
  [33, 28] 0.253782
  [33, 29] 1.795136
  [33, 30] 2.264978
  [33, 33] 14.216467
  [33, 35] 1.020086
  [33, 36] 0.588183
  [33, 37] 0.859847
  [33, 41] 0.431642
  [33, 43] 0.607022
  [33, 44] 3.017969
  [33, 45] 8.076633
  [35, 0] 0.133421
  [35, 1] 1.397113
  [35, 2] 19.158684
  [35, 3] 0.130672
  [35, 4] 0.711137
  [35, 5] 0.239671
  [35, 7] 5.549599
  [35, 9] 0.168520
  [35, 10] 11.730938
  [35, 11] 1.528155
  [35, 12] 1.896437
  [35, 13] 10.386633
  [35, 14] 14.687447
  [35, 15] 10.127879
  [35, 16] 5.800582
  [35, 17] 2.137747
  [35, 18] 5.746876
  [35, 19] 1.096757
  [35, 20] 1.083542
  [35, 21] 0.163657
  [35, 22] 3.605376
  [35, 23] 7.300933
  [35, 24] 5.726894
  [35, 26] 18.034175
  [35, 27] 13.812229
  [35, 28] 13.071913
  [35, 29] 9.179978
  [35, 30] 9.977807
  [35, 31] 6.205285
  [35, 32] 6.402773
  [35, 33] 12.559162
  [35, 34] 2.164706
  [35, 35] 10.074596
  [35, 36] 0.797671
  [35, 37] 32.469792
  [35, 39] 2.446401
  [35, 40] 4.654823
  [35, 41] 18.851510
  [35, 42] 1.890199
  [35, 43] 17.788583
  [35, 44] 1.535873
  [35, 45] 4.792314
  [35, 48] 3.132113
  [36, 0] 7.355615
  [36, 1] 0.178958
  [36, 2] 0.224645
  [36, 4] 0.099953
  [36, 13] 22.942908
  [36, 14] 0.226598
  [36, 16] 0.145027
  [36, 17] 0.144836
  [36, 26] 0.827924
  [36, 28] 0.201284
  [36, 29] 1.070147
  [36, 30] 0.887590
  [36, 33] 23.140209
  [36, 35] 0.189872
  [36, 36] 0.720082
  [36, 43] 0.198795
  [36, 44] 4.835193
  [36, 45] 11.449127
  [36, 48] 0.211586
  [37, 2] 12.158379
  [37, 4] 0.092015
  [37, 5] 0.501502
  [37, 6] 0.387552
  [37, 7] 75.286025
  [37, 8] 4.590927
  [37, 9] 2.643394
  [37, 10] 58.517173
  [37, 11] 12.022050
  [37, 12] 16.171338
  [37, 14] 20.764708
  [37, 15] 33.386328
  [37, 16] 9.904647
  [37, 17] 1.390556
  [37, 18] 16.664177
  [37, 19] 1.675319
  [37, 20] 4.010238
  [37, 21] 1.354738
  [37, 22] 24.319312
  [37, 23] 54.966899
  [37, 24] 56.103122
  [37, 25] 0.362119
  [37, 26] 0.404600
  [37, 27] 63.744764
  [37, 28] 62.455053
  [37, 29] 3.545386
  [37, 30] 5.068661
  [37, 31] 66.925588
  [37, 32] 53.808131
  [37, 33] 0.223013
  [37, 34] 16.263908
  [37, 35] 27.825605
  [37, 37] 44.970681
  [37, 39] 40.202943
  [37, 40] 26.012568
  [37, 41] 29.468216
  [37, 42] 12.690367
  [37, 43] 0.521660
  [37, 47] 1.524719
  [37, 48] 0.150489
  [39, 7] 50.405911
  [39, 8] 0.738976
  [39, 9] 4.057782
  [39, 14] 0.100690
  [39, 22] 0.047777
  [39, 23] 1.107868
  [39, 24] 0.225957
  [39, 28] 0.192210
  [39, 31] 33.453904
  [39, 32] 2.891071
  [39, 35] 0.089655
  [39, 39] 0.171027
  [40, 7] 62.860021
  [40, 8] 63.104378
  [40, 9] 64.267204
  [40, 10] 31.328520
  [40, 18] 0.121363
  [40, 19] 0.168750
  [40, 20] 0.115204
  [40, 21] 0.122500
  [40, 23] 0.487726
  [40, 24] 113.796727
  [40, 31] 10.181499
  [40, 32] 2.050081
  [40, 37] 1.158151
  [40, 39] 117.413689
  [40, 40] 2.121385
  [40, 41] 1.955306
  [40, 47] 11.903107
  [41, 1] 0.202533
  [41, 2] 12.482507
  [41, 3] 0.076700
  [41, 4] 0.072051
  [41, 5] 0.285415
  [41, 6] 3.381475
  [41, 7] 137.192207
  [41, 8] 3.972899
  [41, 9] 2.555397
  [41, 10] 31.720109
  [41, 11] 4.041742
  [41, 12] 6.501753
  [41, 13] 0.098082
  [41, 14] 19.805737
  [41, 15] 38.685686
  [41, 16] 9.851526
  [41, 17] 0.151958
  [41, 18] 5.017733
  [41, 19] 1.891040
  [41, 20] 1.127344
  [41, 21] 1.106566
  [41, 22] 29.994741
  [41, 23] 75.282215
  [41, 24] 45.691239
  [41, 25] 0.200999
  [41, 26] 0.500779
  [41, 27] 72.181972
  [41, 28] 66.744576
  [41, 29] 3.268006
  [41, 30] 4.088459
  [41, 31] 129.709722
  [41, 32] 75.051698
  [41, 33] 0.088414
  [41, 34] 5.628633
  [41, 35] 38.940933
  [41, 36] 0.151307
  [41, 37] 23.937612
  [41, 39] 21.282599
  [41, 40] 11.310724
  [41, 41] 22.383633
  [41, 42] 3.466449
  [41, 43] 0.405578
  [41, 47] 0.672028
  [43, 2] 1.495368
  [43, 3] 2.285738
  [43, 4] 2.434161
  [43, 5] 0.555994
  [43, 6] 0.808865
  [43, 7] 0.841701
  [43, 10] 1.658421
  [43, 14] 3.258737
  [43, 15] 0.348426
  [43, 16] 13.829350
  [43, 17] 4.951116
  [43, 18] 0.489825
  [43, 19] 0.287993
  [43, 20] 0.184583
  [43, 21] 0.063384
  [43, 22] 1.931327
  [43, 23] 1.636476
  [43, 24] 1.711290
  [43, 26] 0.145347
  [43, 27] 0.929358
  [43, 28] 9.461577
  [43, 29] 0.400297
  [43, 30] 1.020673
  [43, 31] 1.091372
  [43, 32] 2.204315
  [43, 35] 15.613543
  [43, 37] 15.842391
  [43, 39] 0.197592
  [43, 40] 0.566800
  [43, 41] 10.684414
  [43, 43] 0.581181
  [43, 45] 0.068871
  [43, 48] 0.471662
  [44, 0] 4.603397
  [44, 1] 0.416205
  [44, 4] 0.152147
  [44, 5] 0.110861
  [44, 13] 11.799323
  [44, 14] 0.212033
  [44, 16] 0.205223
  [44, 26] 0.559013
  [44, 28] 0.150240
  [44, 29] 1.365898
  [44, 30] 0.691393
  [44, 33] 14.041719
  [44, 35] 0.970082
  [44, 36] 0.523642
  [44, 37] 0.296978
  [44, 43] 0.631429
  [44, 44] 7.093042
  [44, 45] 7.801167
  [45, 0] 10.991264
  [45, 1] 0.214281
  [45, 2] 0.208397
  [45, 5] 0.069139
  [45, 13] 14.297583
  [45, 14] 0.062846
  [45, 16] 0.369067
  [45, 17] 0.265849
  [45, 26] 1.808681
  [45, 28] 0.070324
  [45, 29] 0.861333
  [45, 30] 0.307569
  [45, 33] 16.381471
  [45, 35] 0.520502
  [45, 36] 0.848829
  [45, 41] 0.114005
  [45, 43] 0.784104
  [45, 44] 2.513145
  [45, 45] 6.025941
  [48, 1] 0.182619
  [48, 2] 4.256271
  [48, 3] 2.928772
  [48, 4] 2.354115
  [48, 5] 0.695542
  [48, 6] 0.176797
  [48, 7] 1.111718
  [48, 10] 2.403202
  [48, 11] 0.315535
  [48, 14] 2.600667
  [48, 15] 0.730554
  [48, 16] 13.218806
  [48, 17] 3.914091
  [48, 18] 1.225932
  [48, 19] 0.191989
  [48, 20] 0.375110
  [48, 22] 2.632556
  [48, 23] 2.398305
  [48, 24] 1.218760
  [48, 26] 0.400906
  [48, 27] 0.682779
  [48, 28] 11.919417
  [48, 29] 0.574387
  [48, 30] 0.433836
  [48, 31] 1.568729
  [48, 32] 2.096189
  [48, 34] 0.354403
  [48, 35] 17.813478
  [48, 36] 0.094934
  [48, 37] 17.409448
  [48, 39] 0.178995
  [48, 40] 0.510609
  [48, 41] 8.608517
  [48, 42] 0.217554
  [48, 43] 0.529619
  [48, 48] 0.171360
;
