# generated by prepare_data.py -- matrix 1, P0 = realistic
# indices are positions in config.CANDIDATE_SITES, NOT site labels

set N :=
  0
  1
  2
  3
  4
  5
  6
  7
  8
  9
  10
  11
  12
  13
  14
  15
  16
  17
  18
  19
  20
  21
  22
  23
  24
  25
  26
  27
  28
  29
  30
  31
  32
  33
  34
  35
  36
  37
  38
  39
  40
  41
  42
  43
  44
  45
  46
  47
  48
;

param K := 25;

param Pe :=
  0 400.000000
  1 400.000000
  2 400.000000
  3 400.000000
  4 400.000000
  5 200.000000
  6 200.000000
  7 100.000000
  8 100.000000
  9 100.000000
  10 100.000000
  11 100.000000
  12 100.000000
  13 400.000000
  14 400.000000
  15 200.000000
  16 200.000000
  17 400.000000
  18 100.000000
  19 200.000000
  20 100.000000
  21 100.000000
  22 200.000000
  23 200.000000
  24 100.000000
  25 100.000000
  26 400.000000
  27 200.000000
  28 200.000000
  29 400.000000
  30 400.000000
  31 100.000000
  32 100.000000
  33 400.000000
  34 100.000000
  35 200.000000
  36 400.000000
  37 200.000000
  38 100.000000
  39 100.000000
  40 100.000000
  41 200.000000
  42 100.000000
  43 400.000000
  44 400.000000
  45 400.000000
  46 100.000000
  47 100.000000
  48 400.000000
;

param W :=
  [0, 0] 9.741862
  [0, 2] 0.813829
  [0, 13] 4.697184
  [0, 14] 0.897467
  [0, 16] 0.142356
  [0, 26] 0.361842
  [0, 28] 0.192949
  [0, 29] 1.907805
  [0, 30] 0.863990
  [0, 33] 13.134862
  [0, 35] 0.185865
  [0, 43] 0.157315
  [0, 44] 0.271408
  [0, 45] 0.055519
  [1, 3] 0.061092
  [1, 17] 0.219198
  [1, 23] 0.096618
  [1, 26] 0.118013
  [1, 30] 0.322288
  [1, 33] 0.334622
  [1, 37] 0.169576
  [1, 41] 0.147786
  [1, 43] 0.192158
  [1, 45] 0.132612
  [2, 1] 0.777800
  [2, 2] 14.019060
  [2, 3] 0.222542
  [2, 4] 0.306719
  [2, 5] 0.119991
  [2, 6] 1.214542
  [2, 10] 0.168174
  [2, 13] 1.048957
  [2, 14] 13.519609
  [2, 15] 0.650294
  [2, 16] 13.617270
  [2, 17] 6.707504
  [2, 18] 0.199637
  [2, 22] 3.215549
  [2, 23] 0.433074
  [2, 26] 5.652542
  [2, 27] 0.358390
  [2, 28] 16.000687
  [2, 29] 3.513350
  [2, 30] 2.944680
  [2, 31] 0.066126
  [2, 32] 0.739289
  [2, 33] 1.331152
  [2, 34] 0.058863
  [2, 35] 30.738289
  [2, 37] 1.278798
  [2, 41] 1.386743
  [2, 43] 9.844737
  [2, 45] 0.289783
  [2, 48] 2.313371
  [3, 1] 0.490175
  [3, 3] 2.217724
  [3, 4] 2.661369
  [3, 5] 3.135723
  [3, 7] 0.137898
  [3, 10] 1.621366
  [3, 16] 1.521512
  [3, 17] 3.990148
  [3, 18] 1.880154
  [3, 19] 0.055986
  [3, 20] 0.653566
  [3, 22] 0.149404
  [3, 23] 3.054063
  [3, 24] 1.341292
  [3, 26] 0.116071
  [3, 27] 0.431204
  [3, 28] 0.818144
  [3, 31] 0.334658
  [3, 32] 4.889018
  [3, 34] 0.137107
  [3, 35] 1.074451
  [3, 36] 0.065874
  [3, 37] 15.573042
  [3, 40] 0.317218
  [3, 41] 17.003294
  [3, 43] 0.206253
  [4, 1] 0.778195
  [4, 2] 0.125025
  [4, 3] 4.459288
  [4, 4] 4.705238
  [4, 5] 3.977132
  [4, 6] 0.374823
  [4, 7] 0.283598
  [4, 10] 1.944194
  [4, 14] 0.056669
  [4, 15] 0.387192
  [4, 16] 1.158160
  [4, 17] 4.490427
  [4, 18] 1.781917
  [4, 19] 0.463962
  [4, 20] 0.241204
  [4, 22] 0.233042
  [4, 23] 3.610436
  [4, 24] 1.011093
  [4, 26] 0.316212
  [4, 27] 1.104907
  [4, 28] 1.708672
  [4, 31] 0.671905
  [4, 32] 6.182271
  [4, 34] 0.081120
  [4, 35] 2.152784
  [4, 36] 0.109419
  [4, 37] 15.721835
  [4, 40] 0.660398
  [4, 41] 14.770396
  [4, 42] 0.207979
  [4, 43] 0.083853
  [4, 44] 0.206253
  [5, 1] 0.194567
  [5, 2] 0.289998
  [5, 3] 2.187915
  [5, 4] 2.307007
  [5, 5] 2.272991
  [5, 6] 0.163895
  [5, 7] 1.090847
  [5, 10] 5.246041
  [5, 12] 0.267129
  [5, 14] 0.400424
  [5, 15] 0.467413
  [5, 16] 2.288093
  [5, 17] 7.092287
  [5, 18] 5.649342
  [5, 19] 1.264487
  [5, 20] 1.027346
  [5, 22] 0.663742
  [5, 23] 7.520650
  [5, 24] 2.885889
  [5, 26] 0.744539
  [5, 27] 0.925154
  [5, 28] 3.158880
  [5, 31] 1.689758
  [5, 32] 7.344098
  [5, 34] 1.732799
  [5, 35] 4.823647
  [5, 36] 0.066701
  [5, 37] 27.283622
  [5, 39] 0.059114
  [5, 40] 1.944554
  [5, 41] 22.769858
  [5, 42] 1.268802
  [5, 43] 0.241132
  [6, 1] 0.160731
  [6, 2] 19.747042
  [6, 4] 0.578559
  [6, 5] 0.410349
  [6, 6] 0.549253
  [6, 7] 2.766689
  [6, 10] 3.587279
  [6, 11] 0.113195
  [6, 12] 0.962263
  [6, 14] 30.036899
  [6, 15] 17.606088
  [6, 16] 14.925984
  [6, 17] 3.183403
  [6, 18] 4.786898
  [6, 20] 0.196473
  [6, 22] 7.179160
  [6, 23] 12.757594
  [6, 24] 2.192482
  [6, 26] 1.375272
  [6, 27] 12.673058
  [6, 28] 30.044809
  [6, 29] 5.531689
  [6, 30] 7.266789
  [6, 31] 6.067961
  [6, 32] 8.276013
  [6, 33] 0.054152
  [6, 34] 1.663113
  [6, 35] 41.025413
  [6, 37] 9.890187
  [6, 39] 0.235666
  [6, 40] 2.715737
  [6, 41] 8.839073
  [6, 42] 1.792884
  [6, 43] 6.453104
  [6, 45] 0.056454
  [6, 48] 0.844645
  [7, 2] 0.799878
  [7, 6] 1.130832
  [7, 7] 238.459445
  [7, 8] 0.098668
  [7, 9] 0.401611
  [7, 10] 0.599522
  [7, 14] 1.097320
  [7, 15] 3.111955
  [7, 16] 2.502904
  [7, 19] 0.295860
  [7, 20] 0.066701
  [7, 22] 8.265369
  [7, 23] 81.944966
  [7, 24] 24.700604
  [7, 27] 15.137415
  [7, 28] 21.073664
  [7, 31] 254.553261
  [7, 32] 92.685768
  [7, 35] 16.370583
  [7, 37] 0.564319
  [7, 39] 0.078136
  [7, 41] 8.696897
  [7, 43] 0.186548
  [7, 48] 0.111253
  [8, 7] 41.190674
  [8, 9] 2.085256
  [8, 23] 0.586577
  [8, 24] 2.267921
  [8, 31] 25.649598
  [8, 32] 1.893853
  [8, 41] 0.055519
  [9, 7] 4.765935
  [9, 9] 1.241510
  [9, 24] 0.084932
  [9, 31] 2.115748
  [10, 7] 41.734210
  [10, 8] 47.200168
  [10, 9] 37.535507
  [10, 10] 67.367699
  [10, 12] 0.242462
  [10, 14] 0.070405
  [10, 18] 0.727711
  [10, 19] 0.900703
  [10, 20] 1.452689
  [10, 21] 0.075259
  [10, 23] 1.977886
  [10, 24] 188.221970
  [10, 28] 0.367200
  [10, 31] 7.515364
  [10, 32] 8.613871
  [10, 34] 0.190863
  [10, 35] 0.307042
  [10, 37] 1.564733
  [10, 38] 0.183564
  [10, 39] 219.140478
  [10, 40] 4.703476
  [10, 41] 6.969024
  [10, 42] 0.358534
  [10, 47] 8.186226
  [11, 8] 1.858363
  [11, 9] 5.795582
  [11, 10] 1.934126
  [11, 11] 3.472035
  [11, 12] 0.840618
  [11, 18] 0.251847
  [11, 20] 0.137250
  [11, 21] 19.306920
  [11, 25] 6.138798
  [11, 34] 0.112440
  [11, 39] 4.970929
  [11, 40] 52.783025
  [11, 42] 0.210604
  [11, 47] 74.590009
  [12, 8] 0.061595
  [12, 9] 0.067241
  [12, 11] 88.098650
  [12, 12] 32.115826
  [12, 18] 4.644901
  [12, 21] 57.654243
  [12, 25] 30.474036
  [12, 34] 13.439136
  [12, 39] 0.056454
  [12, 40] 46.957885
  [12, 42] 10.022476
  [12, 47] 2.415707
  [13, 0] 3.943368
  [13, 1] 0.148397
  [13, 2] 0.653962
  [13, 13] 1.744809
  [13, 14] 0.286582
  [13, 16] 0.139408
  [13, 17] 0.524838
  [13, 26] 0.170295
  [13, 28] 0.212366
  [13, 29] 0.309595
  [13, 30] 0.160839
  [13, 33] 7.254456
  [13, 35] 0.251020
  [13, 43] 0.325309
  [13, 44] 1.645854
  [13, 45] 0.366049
  [14, 1] 0.991640
  [14, 2] 18.755330
  [14, 3] 0.448140
  [14, 4] 0.211503
  [14, 6] 0.624872
  [14, 13] 0.111289
  [14, 14] 23.328208
  [14, 15] 1.300301
  [14, 16] 16.011546
  [14, 17] 5.604467
  [14, 22] 4.134698
  [14, 23] 0.372593
  [14, 26] 4.781181
  [14, 27] 0.319268
  [14, 28] 21.729351
  [14, 29] 3.590839
  [14, 30] 3.920534
  [14, 32] 0.067241
  [14, 33] 0.936481
  [14, 35] 41.201461
  [14, 36] 0.114705
  [14, 37] 0.548965
  [14, 41] 0.566836
  [14, 43] 9.302568
  [14, 44] 0.268028
  [14, 45] 0.245771
  [14, 48] 1.997915
  [15, 2] 0.358174
  [15, 6] 0.223944
  [15, 7] 13.785767
  [15, 14] 0.564967
  [15, 15] 7.315584
  [15, 16] 0.241456
  [15, 22] 4.135417
  [15, 23] 49.429039
  [15, 24] 0.154726
  [15, 27] 14.293489
  [15, 28] 9.712700
  [15, 31] 33.590737
  [15, 32] 8.875606
  [15, 35] 5.447116
  [15, 43] 0.249294
  [16, 2] 4.527751
  [16, 3] 0.723720
  [16, 4] 0.706136
  [16, 5] 0.947017
  [16, 6] 0.673918
  [16, 7] 5.584475
  [16, 10] 15.412312
  [16, 11] 1.129142
  [16, 12] 5.869151
  [16, 14] 4.702901
  [16, 15] 12.573060
  [16, 16] 7.153990
  [16, 17] 4.263534
  [16, 18] 18.660150
  [16, 19] 1.942181
  [16, 20] 2.731343
  [16, 21] 0.212366
  [16, 22] 9.277074
  [16, 23] 31.419399
  [16, 24] 11.396561
  [16, 26] 0.362777
  [16, 27] 17.529678
  [16, 28] 30.256240
  [16, 29] 0.680642
  [16, 30] 0.233545
  [16, 31] 9.284445
  [16, 32] 21.277939
  [16, 34] 11.210265
  [16, 35] 25.887314
  [16, 36] 0.073102
  [16, 37] 40.659004
  [16, 39] 1.388900
  [16, 40] 7.562397
  [16, 41] 36.283426
  [16, 42] 6.725339
  [16, 43] 2.469176
  [16, 48] 0.196113
  [17, 1] 0.200356
  [17, 2] 0.383848
  [17, 3] 1.625969
  [17, 4] 0.939070
  [17, 5] 0.526096
  [17, 6] 0.242247
  [17, 10] 1.668399
  [17, 13] 0.178961
  [17, 14] 0.575826
  [17, 15] 0.305460
  [17, 16] 3.190342
  [17, 17] 4.600601
  [17, 18] 1.150069
  [17, 19] 0.990489
  [17, 20] 0.695960
  [17, 23] 1.347513
  [17, 24] 1.234138
  [17, 26] 0.329696
  [17, 27] 0.074936
  [17, 28] 0.796318
  [17, 29] 0.132072
  [17, 31] 0.154222
  [17, 32] 2.297334
  [17, 33] 0.453174
  [17, 34] 0.111325
  [17, 35] 3.484260
  [17, 36] 0.148146
  [17, 37] 11.939881
  [17, 40] 0.557056
  [17, 41] 11.627266
  [17, 43] 0.208303
  [17, 48] 0.123550
  [18, 4] 0.233797
  [18, 5] 0.273134
  [18, 10] 1.465850
  [18, 11] 118.936649
  [18, 12] 92.646394
  [18, 17] 0.318585
  [18, 18] 16.636634
  [18, 20] 0.347746
  [18, 21] 15.695154
  [18, 25] 6.895311
  [18, 34] 69.551299
  [18, 37] 0.182953
  [18, 39] 0.207296
  [18, 40] 35.721911
  [18, 41] 0.273278
  [18, 42] 69.036278
  [18, 47] 0.053936
  [19, 2] 0.183492
  [19, 4] 0.185865
  [19, 5] 0.812571
  [19, 7] 15.614897
  [19, 8] 3.472322
  [19, 9] 2.480107
  [19, 10] 116.426194
  [19, 11] 3.770052
  [19, 12] 10.755293
  [19, 14] 0.139911
  [19, 15] 0.109958
  [19, 16] 1.345212
  [19, 17] 0.546808
  [19, 18] 21.011816
  [19, 19] 1.127416
  [19, 20] 8.842633
  [19, 21] 0.622571
  [19, 22] 0.638752
  [19, 23] 11.692277
  [19, 24] 77.912927
  [19, 25] 0.059114
  [19, 27] 0.863559
  [19, 28] 3.359307
  [19, 31] 9.639742
  [19, 32] 22.120463
  [19, 34] 18.124309
  [19, 35] 3.154924
  [19, 37] 12.281263
  [19, 39] 62.971661
  [19, 40] 46.512047
  [19, 41] 19.959336
  [19, 42] 11.759014
  [19, 43] 0.056202
  [19, 47] 1.670269
  [20, 3] 0.206613
  [20, 5] 0.254077
  [20, 7] 4.549721
  [20, 8] 11.872245
  [20, 9] 8.197553
  [20, 10] 197.779369
  [20, 11] 0.612754
  [20, 12] 1.287212
  [20, 16] 0.118444
  [20, 17] 0.057173
  [20, 18] 4.750113
  [20, 19] 1.388325
  [20, 20] 9.841393
  [20, 22] 0.379964
  [20, 23] 1.202675
  [20, 24] 59.025848
  [20, 27] 0.367379
  [20, 28] 0.325597
  [20, 31] 0.909405
  [20, 32] 4.024668
  [20, 34] 2.747344
  [20, 35] 0.216789
  [20, 37] 4.639148
  [20, 39] 173.987235
  [20, 40] 44.014788
  [20, 41] 5.861780
  [20, 42] 0.973374
  [20, 47] 11.638161
  [21, 7] 2.488126
  [21, 8] 110.844345
  [21, 9] 263.401576
  [21, 10] 13.108361
  [21, 20] 0.092699
  [21, 24] 3.851963
  [21, 38] 0.259686
  [21, 39] 98.813167
  [21, 40] 0.926988
  [21, 47] 334.177701
  [22, 1] 0.116539
  [22, 2] 9.682999
  [22, 7] 0.429946
  [22, 14] 12.593591
  [22, 15] 12.616712
  [22, 16] 0.424372
  [22, 17] 0.058359
  [22, 22] 0.977077
  [22, 23] 2.660399
  [22, 26] 0.664965
  [22, 27] 7.539276
  [22, 28] 1.848547
  [22, 29] 2.291114
  [22, 30] 3.064311
  [22, 31] 0.587944
  [22, 32] 0.127973
  [22, 33] 0.270366
  [22, 35] 1.749412
  [22, 43] 2.081265
  [22, 48] 0.130095
  [23, 2] 9.843299
  [23, 4] 0.096618
  [23, 6] 0.560688
  [23, 7] 35.583942
  [23, 10] 2.182414
  [23, 12] 0.339656
  [23, 14] 14.897937
  [23, 15] 75.508475
  [23, 16] 7.110553
  [23, 17] 0.883228
  [23, 18] 1.761601
  [23, 19] 0.083170
  [23, 20] 0.338721
  [23, 22] 25.082330
  [23, 23] 54.816753
  [23, 24] 9.361646
  [23, 26] 0.626670
  [23, 27] 71.570249
  [23, 28] 64.006630
  [23, 29] 0.694414
  [23, 30] 1.019471
  [23, 31] 49.593258
  [23, 32] 31.269851
  [23, 34] 0.750544
  [23, 35] 40.405107
  [23, 37] 4.787617
  [23, 39] 0.418511
  [23, 40] 1.597994
  [23, 41] 7.405909
  [23, 42] 0.234624
  [23, 43] 7.025262
  [23, 48] 0.594775
  [24, 2] 0.860646
  [24, 6] 0.780928
  [24, 7] 270.748119
  [24, 8] 3.439996
  [24, 9] 3.710901
  [24, 10] 2.214416
  [24, 14] 0.313659
  [24, 15] 2.278456
  [24, 16] 2.746337
  [24, 17] 0.129879
  [24, 18] 0.459683
  [24, 19] 0.338182
  [24, 22] 4.536057
  [24, 23] 59.985701
  [24, 24] 137.221402
  [24, 27] 9.417632
  [24, 28] 14.204063
  [24, 31] 154.375034
  [24, 32] 105.832675
  [24, 34] 0.153935
  [24, 35] 13.902522
  [24, 37] 1.405261
  [24, 39] 4.701391
  [24, 40] 0.201866
  [24, 41] 22.011763
  [24, 43] 0.220744
  [25, 7] 0.929721
  [25, 8] 101.384714
  [25, 9] 258.530249
  [25, 10] 6.113556
  [25, 24] 0.913252
  [25, 39] 53.881459
  [25, 40] 1.004549
  [25, 47] 430.383147
  [26, 1] 0.504126
  [26, 3] 0.487226
  [26, 4] 0.520703
  [26, 5] 0.611712
  [26, 7] 0.152173
  [26, 10] 0.188598
  [26, 13] 0.055519
  [26, 14] 0.055986
  [26, 16] 0.859352
  [26, 17] 1.905180
  [26, 18] 0.140522
  [26, 19] 0.082810
  [26, 22] 0.137107
  [26, 23] 1.037630
  [26, 24] 0.596322
  [26, 26] 0.158897
  [26, 28] 0.700383
  [26, 31] 0.297765
  [26, 32] 0.712357
  [26, 33] 0.110354
  [26, 35] 1.555636
  [26, 36] 0.059834
  [26, 37] 2.413370
  [26, 40] 0.112727
  [26, 41] 3.976700
  [26, 43] 0.276694
  [26, 45] 0.213265
  [27, 2] 4.194172
  [27, 7] 9.442838
  [27, 14] 8.441166
  [27, 15] 46.375659
  [27, 16] 0.821129
  [27, 17] 0.144190
  [27, 22] 9.432554
  [27, 23] 33.250398
  [27, 24] 0.717499
  [27, 26] 0.061595
  [27, 27] 40.315177
  [27, 28] 19.722807
  [27, 29] 0.935546
  [27, 30] 1.328959
  [27, 31] 20.216541
  [27, 32] 6.801893
  [27, 35] 10.609736
  [27, 37] 0.278204
  [27, 40] 0.142968
  [27, 41] 0.424588
  [27, 43] 2.678090
  [27, 48] 0.207152
  [28, 1] 0.069830
  [28, 2] 16.745621
  [28, 14] 21.449277
  [28, 15] 10.567414
  [28, 16] 0.364359
  [28, 17] 0.317146
  [28, 22] 0.528326
  [28, 23] 0.815268
  [28, 26] 1.516909
  [28, 27] 5.118356
  [28, 28] 1.507560
  [28, 29] 5.180778
  [28, 30] 4.299636
  [28, 31] 0.065047
  [28, 33] 0.053936
  [28, 35] 2.383489
  [28, 43] 3.833409
  [28, 48] 0.368494
  [29, 0] 0.117042
  [29, 1] 0.735694
  [29, 2] 7.256038
  [29, 4] 0.188202
  [29, 13] 0.565973
  [29, 14] 14.796645
  [29, 15] 0.483846
  [29, 16] 3.203575
  [29, 17] 2.840546
  [29, 22] 0.383057
  [29, 23] 0.065874
  [29, 26] 4.109600
  [29, 28] 1.707413
  [29, 29] 5.609285
  [29, 30] 4.984162
  [29, 33] 1.288255
  [29, 35] 3.858651
  [29, 36] 0.157782
  [29, 37] 0.203808
  [29, 41] 0.119919
  [29, 43] 4.587045
  [29, 44] 0.566585
  [29, 45] 0.056921
  [29, 48] 0.936841
  [30, 0] 0.154726
  [30, 1] 0.502077
  [30, 2] 9.538665
  [30, 3] 0.275939
  [30, 4] 0.545046
  [30, 6] 0.059114
  [30, 13] 0.888909
  [30, 14] 12.422505
  [30, 15] 0.189101
  [30, 16] 4.594453
  [30, 17] 2.679204
  [30, 22] 0.548642
  [30, 23] 0.097014
  [30, 26] 4.866544
  [30, 27] 0.092699
  [30, 28] 2.831305
  [30, 29] 5.455495
  [30, 30] 3.942181
  [30, 32] 0.167491
  [30, 33] 2.428148
  [30, 35] 7.990725
  [30, 36] 0.460114
  [30, 37] 0.066953
  [30, 41] 0.398303
  [30, 43] 5.943943
  [30, 44] 0.273638
  [30, 45] 0.395211
  [30, 48] 0.973338
  [31, 2] 1.886482
  [31, 6] 0.933245
  [31, 7] 201.011279
  [31, 8] 0.120997
  [31, 9] 0.208878
  [31, 10] 1.500549
  [31, 12] 0.090398
  [31, 14] 1.363622
  [31, 15] 10.325131
  [31, 16] 4.518007
  [31, 17] 0.053936
  [31, 18] 0.160659
  [31, 19] 0.140594
  [31, 22] 13.968504
  [31, 23] 101.192053
  [31, 24] 24.810598
  [31, 27] 26.737856
  [31, 28] 37.774266
  [31, 31] 225.366869
  [31, 32] 96.354059
  [31, 35] 24.146461
  [31, 37] 0.602003
  [31, 39] 0.180759
  [31, 41] 10.008524
  [31, 43] 0.443861
  [31, 48] 0.055303
  [32, 2] 3.592241
  [32, 6] 1.124647
  [32, 7] 96.603102
  [32, 9] 0.090398
  [32, 10] 15.411484
  [32, 12] 1.283580
  [32, 14] 4.150160
  [32, 15] 23.111959
  [32, 16] 6.153109
  [32, 17] 0.673990
  [32, 18] 7.007283
  [32, 19] 0.343036
  [32, 20] 1.690944
  [32, 22] 21.895440
  [32, 23] 86.662825
  [32, 24] 32.174293
  [32, 26] 0.061092
  [32, 27] 44.406223
  [32, 28] 61.655323
  [32, 30] 0.170295
  [32, 31] 106.013794
  [32, 32] 86.441650
  [32, 34] 1.762968
  [32, 35] 43.361078
  [32, 37] 14.329591
  [32, 39] 2.380828
  [32, 40] 5.402421
  [32, 41] 24.986251
  [32, 42] 0.904982
  [32, 43] 1.949875
  [32, 48] 0.288560
  [33, 0] 5.564266
  [33, 1] 0.099890
  [33, 2] 0.848241
  [33, 13] 2.605563
  [33, 14] 1.079269
  [33, 15] 0.088887
  [33, 16] 1.633520
  [33, 17] 0.508441
  [33, 22] 0.210604
  [33, 26] 1.321695
  [33, 27] 0.083530
  [33, 28] 0.446091
  [33, 29] 1.344457
  [33, 30] 0.703188
  [33, 33] 8.754249
  [33, 35] 1.134320
  [33, 37] 0.136279
  [33, 41] 0.165621
  [33, 43] 0.319088
  [33, 44] 0.730336
  [33, 45] 0.720124
  [34, 5] 0.153144
  [34, 9] 0.054584
  [34, 11] 220.167968
  [34, 12] 53.172734
  [34, 18] 3.208213
  [34, 21] 24.116903
  [34, 25] 31.979547
  [34, 34] 36.437396
  [34, 40] 6.443898
  [34, 42] 54.448799
  [34, 47] 0.113662
  [35, 1] 0.161306
  [35, 2] 24.228300
  [35, 3] 0.053936
  [35, 10] 0.126679
  [35, 13] 0.217256
  [35, 14] 40.331682
  [35, 15] 9.296922
  [35, 16] 9.252371
  [35, 17] 1.843369
  [35, 18] 0.264433
  [35, 19] 0.184966
  [35, 22] 2.946621
  [35, 23] 1.287464
  [35, 24] 0.288884
  [35, 26] 2.134302
  [35, 27] 4.354184
  [35, 28] 18.747060
  [35, 29] 5.339459
  [35, 30] 7.586776
  [35, 31] 0.420237
  [35, 32] 0.862013
  [35, 33] 0.166124
  [35, 34] 0.080437
  [35, 35] 29.265068
  [35, 37] 1.476781
  [35, 40] 0.080114
  [35, 41] 1.698460
  [35, 43] 8.969528
  [35, 48] 0.815879
  [36, 0] 2.289567
  [36, 1] 0.290538
  [36, 2] 1.097679
  [36, 3] 0.359900
  [36, 4] 0.267849
  [36, 5] 0.180076
  [36, 13] 2.348969
  [36, 14] 1.581993
  [36, 16] 1.508459
  [36, 17] 0.728358
  [36, 26] 1.715396
  [36, 28] 0.168174
  [36, 29] 1.014653
  [36, 30] 0.536992
  [36, 33] 6.940510
  [36, 35] 1.143777
  [36, 37] 0.054835
  [36, 41] 0.108988
  [36, 43] 1.295446
  [36, 44] 0.242750
  [36, 45] 0.682081
  [36, 48] 0.108592
  [37, 2] 1.026483
  [37, 3] 0.203484
  [37, 4] 1.669729
  [37, 5] 1.730462
  [37, 6] 0.548929
  [37, 7] 6.649648
  [37, 10] 24.289105
  [37, 11] 3.267903
  [37, 12] 9.904175
  [37, 14] 0.951439
  [37, 15] 3.528596
  [37, 16] 3.371245
  [37, 17] 3.569768
  [37, 18] 26.821638
  [37, 19] 1.678251
  [37, 20] 2.852988
  [37, 21] 0.059582
  [37, 22] 5.517557
  [37, 23] 23.725396
  [37, 24] 20.653786
  [37, 26] 0.312903
  [37, 27] 7.426981
  [37, 28] 18.198778
  [37, 31] 9.579262
  [37, 32] 19.507241
  [37, 34] 22.265732
  [37, 35] 15.288689
  [37, 37] 35.915076
  [37, 39] 8.921812
  [37, 40] 16.597655
  [37, 41] 30.273716
  [37, 42] 16.743176
  [37, 43] 0.552274
  [37, 48] 0.086334
  [38, 7] 16.544114
  [38, 9] 0.770033
  [38, 24] 0.107226
  [38, 31] 10.477556
  [38, 32] 1.123353
  [39, 7] 245.593227
  [39, 8] 15.708926
  [39, 9] 32.268107
  [39, 23] 1.437083
  [39, 24] 70.346646
  [39, 31] 91.661478
  [39, 32] 12.863525
  [39, 39] 5.560815
  [39, 41] 2.258860
  [40, 7] 2.480395
  [40, 8] 20.838465
  [40, 9] 30.547354
  [40, 10] 186.493414
  [40, 11] 0.119991
  [40, 12] 0.379353
  [40, 18] 0.926557
  [40, 19] 0.528434
  [40, 20] 4.594453
  [40, 21] 0.186584
  [40, 23] 0.091153
  [40, 24] 13.359633
  [40, 31] 0.131102
  [40, 32] 0.206253
  [40, 34] 0.421675
  [40, 37] 0.565003
  [40, 38] 0.164326
  [40, 39] 203.802060
  [40, 40] 40.339413
  [40, 41] 0.095036
  [40, 42] 0.226425
  [40, 47] 45.573552
  [41, 1] 0.067816
  [41, 2] 2.378922
  [41, 3] 0.328653
  [41, 4] 0.670718
  [41, 5] 1.005448
  [41, 6] 0.587692
  [41, 7] 17.389910
  [41, 10] 25.549276
  [41, 11] 1.307240
  [41, 12] 9.065643
  [41, 14] 2.993115
  [41, 15] 11.083370
  [41, 16] 5.822478
  [41, 17] 2.177380
  [41, 18] 24.168898
  [41, 19] 1.297136
  [41, 20] 2.181371
  [41, 21] 0.066701
  [41, 22] 11.702273
  [41, 23] 40.031615
  [41, 24] 22.766478
  [41, 27] 20.809483
  [41, 28] 38.957632
  [41, 30] 0.080437
  [41, 31] 23.152951
  [41, 32] 33.990874
  [41, 34] 18.777336
  [41, 35] 27.243565
  [41, 37] 35.419435
  [41, 39] 4.154906
  [41, 40] 11.890368
  [41, 41] 34.659794
  [41, 42] 11.272903
  [41, 43] 1.453480
  [41, 48] 0.056669
  [42, 11] 188.964459
  [42, 12] 23.751969
  [42, 18] 1.746103
  [42, 21] 47.112827
  [42, 25] 94.028246
  [42, 34] 9.386924
  [42, 40] 5.702236
  [42, 42] 16.802111
  [43, 1] 0.429155
  [43, 2] 0.645332
  [43, 3] 1.442621
  [43, 4] 1.477716
  [43, 5] 0.851154
  [43, 6] 0.431024
  [43, 7] 0.486903
  [43, 10] 3.017278
  [43, 14] 0.523220
  [43, 15] 1.438666
  [43, 16] 4.194064
  [43, 17] 6.372307
  [43, 18] 1.997951
  [43, 19] 0.270437
  [43, 20] 0.492800
  [43, 22] 1.637044
  [43, 23] 5.123857
  [43, 24] 1.032308
  [43, 26] 0.885565
  [43, 27] 1.901405
  [43, 28] 6.510564
  [43, 31] 1.419428
  [43, 32] 7.076645
  [43, 33] 0.057388
  [43, 34] 0.356772
  [43, 35] 6.187269
  [43, 36] 0.204455
  [43, 37] 21.667648
  [43, 40] 0.794628
  [43, 41] 18.231751
  [43, 42] 0.577947
  [43, 43] 0.370795
  [43, 45] 0.056202
  [44, 0] 0.079107
  [44, 1] 0.331781
  [44, 2] 1.010985
  [44, 3] 0.078460
  [44, 4] 0.337247
  [44, 5] 0.079107
  [44, 10] 0.053936
  [44, 13] 0.681290
  [44, 14] 0.623110
  [44, 16] 1.161216
  [44, 17] 1.605976
  [44, 26] 1.324644
  [44, 28] 0.258500
  [44, 29] 0.732242
  [44, 30] 0.324446
  [44, 32] 0.196868
  [44, 33] 2.094209
  [44, 35] 2.389566
  [44, 36] 0.054152
  [44, 37] 0.132396
  [44, 41] 0.760109
  [44, 43] 1.237986
  [44, 44] 0.065299
  [44, 45] 0.622715
  [44, 48] 0.373492
  [45, 0] 3.995398
  [45, 1] 0.119487
  [45, 2] 0.307833
  [45, 13] 1.037594
  [45, 16] 0.273602
  [45, 26] 0.328905
  [45, 29] 0.206001
  [45, 33] 4.237177
  [45, 35] 0.278132
  [45, 36] 0.232214
  [45, 43] 0.147786
  [45, 44] 0.852879
  [45, 45] 0.246094
  [46, 0] 1.040722
  [46, 1] 0.357383
  [46, 2] 0.819547
  [46, 4] 0.054368
  [46, 13] 1.414250
  [46, 14] 0.168318
  [46, 16] 0.057892
  [46, 17] 0.760181
  [46, 26] 1.153629
  [46, 29] 0.726740
  [46, 30] 0.217292
  [46, 33] 3.094443
  [46, 36] 0.409809
  [46, 43] 0.204491
  [46, 44] 0.821165
  [46, 45] 0.216717
  [47, 7] 15.460135
  [47, 8] 0.602974
  [47, 9] 12.736487
  [47, 24] 0.074001
  [47, 31] 5.678935
  [47, 32] 0.385754
  [48, 2] 0.274680
  [48, 3] 1.249349
  [48, 4] 1.131839
  [48, 5] 1.382392
  [48, 6] 0.178098
  [48, 7] 0.625124
  [48, 10] 2.404524
  [48, 13] 0.215027
  [48, 14] 0.297621
  [48, 15] 0.854641
  [48, 16] 3.527769
  [48, 17] 6.643715
  [48, 18] 2.560257
  [48, 19] 1.959620
  [48, 20] 0.545621
  [48, 22] 1.159526
  [48, 23] 5.672859
  [48, 24] 2.842668
  [48, 26] 0.343360
  [48, 27] 2.004064
  [48, 28] 3.985186
  [48, 31] 1.205157
  [48, 32] 7.242518
  [48, 33] 0.057173
  [48, 34] 0.307294
  [48, 35] 5.676275
  [48, 36] 0.066414
  [48, 37] 24.553645
  [48, 40] 0.678377
  [48, 41] 23.410695
  [48, 43] 0.284964
  [48, 45] 0.056202
  [48, 48] 0.362669
;
