============================================================================================
NETWORK CENTRALITY, ALL 49 SITES  |  matrix 2  |  self-loops ON
============================================================================================

Full ranking (most central first):
 site_id  backbone  out_strength  in_strength  self_recruitment  betweenness  eigenvector  pagerank  avg_rank
      31      True  149,008.0700 164,613.7500       30,617.7600       0.3236       0.3092    0.0750    5.6000
      40      True   72,999.9000 381,784.3400       42,053.8200       0.1680       0.6913    0.1574    6.6000
      10      True   63,723.5500 514,878.3800       26,385.1500       0.1113       0.5889    0.1311    6.8000
      41      True  210,037.5200 137,384.4600       24,237.1100       0.0315       0.2140    0.0477    8.0000
      32     False  159,281.7200 220,975.5400        3,589.9600       0.1046       0.0290    0.0144    9.4000
      49      True  147,324.1900 122,753.2600        8,098.2800       0.3661       0.0178    0.0200   10.2000
      36     False  143,792.3900  99,827.6700       19,794.0700       0.0248       0.1133    0.0346   11.6000
      53      True  191,207.2600  82,914.0600        4,815.2800       0.0638       0.0183    0.0144   12.2000
      47     False   54,913.2000  81,480.6000        1,905.8700       0.3418       0.0574    0.0225   12.4000
      15     False  155,074.1700 158,290.4500        1,208.1200       0.0332       0.0094    0.0115   14.2000
      52     False  194,494.4100 125,819.7000          857.7300       0.0652       0.0042    0.0089   15.2000
      37      True   35,329.4700 118,393.8200        1,883.1300       0.0160       0.1031    0.0323   16.8000
      20     False   87,432.8500  61,974.3500        2,898.4400       0.0000       0.0484    0.0180   17.4000
      19     False   83,435.2000  39,638.8500        1,720.9700       0.0204       0.0225    0.0120   18.2000
      42     False   11,554.1300  39,925.5700        3,267.5600       0.2052       0.0038    0.0412   18.6000
      51     False   30,526.1900 214,907.5200           55.9500       0.0559       0.0082    0.0104   18.6000
       4     False   58,210.1800  36,450.0100        1,579.0600       0.0417       0.0172    0.0122   19.0000
      12     False      158.0200 387,438.7900          171.8300       0.0204       0.0059    0.0395   19.6000
      30     False   48,991.5200  46,254.1300        2,032.3000       0.0000       0.0435    0.0138   20.8000
      21     False   82,531.8700  36,757.2600        3,086.3900       0.0013       0.0140    0.0120   21.2000
      16     False  224,478.1500  59,586.2200           27.3200       0.0009       0.0016    0.0057   22.4000
      39     False   41,952.5400  16,138.5300        2,097.7100       0.1804       0.0048    0.0091   23.0000
      29     False  298,186.0300  47,088.3600            0.0000       0.0027       0.0007    0.0048   24.2000
      18     False    9,535.4100  37,398.4200        3,169.0900       0.0013       0.0034    0.0399   24.8000
      33     False  309,441.9500  35,221.1500            0.0000       0.0208       0.0004    0.0044   25.0000
      44     False  113,322.2500  25,592.1100        3,779.7400       0.0581       0.0014    0.0049   25.2000
      59     False      300.3300 408,206.2400            0.0000       0.0000       0.0036    0.0112   25.4000
      26     False  141,780.4000  20,762.6000        3,213.1300       0.0191       0.0023    0.0054   25.6000
      17     False  123,157.5900  34,443.6400        2,417.1600       0.0173       0.0017    0.0051   25.8000
      55     False   23,451.1500  17,364.0100          139.8300       0.0585       0.0040    0.0088   26.2000
      11     False    1,583.7900 200,474.2700            0.0000       0.0000       0.0040    0.0076   27.0000
      54     False   97,287.2400  28,267.4300        1,067.8100       0.0044       0.0011    0.0050   27.8000
      57     False   12,404.7300  19,276.3900        1,474.7000       0.0000       0.0016    0.0220   28.4000
      35     False    5,024.1700  17,403.4800          118.8800       0.0000       0.0046    0.0110   29.8000
      38     False   30,204.3300  13,295.5200        1,434.6600       0.0000       0.0035    0.0092   30.2000
       1     False    3,374.6700  15,799.9800        7,739.3800       0.0000       0.0004    0.0581   31.0000
      24     False   63,050.6800  10,288.9300        1,382.8300       0.0000       0.0008    0.0056   31.4000
      28     False  197,066.2200   6,440.5900          474.4500       0.0000       0.0006    0.0036   31.8000
      27     False  210,130.9500   3,609.4700          299.5800       0.0000       0.0007    0.0035   31.8000
       9     False   57,269.1100   3,835.2400          101.1200       0.0000       0.0032    0.0039   33.6000
       6     False   49,922.2900   4,960.5900          965.4800       0.0213       0.0002    0.0042   34.6000
      56     False   11,443.8900   5,799.6400        1,822.8300       0.0000       0.0004    0.0108   34.8000
      60     False   27,574.0800   3,317.7500           44.4400       0.0000       0.0007    0.0042   37.6000
       7     False   44,815.0300   2,470.3700        7,295.0600       0.0000       0.0001    0.0043   38.2000
      48     False   19,409.3400   2,355.8400          188.0300       0.0000       0.0003    0.0047   38.6000
       3     False    6,777.3700   2,095.6900            0.0000       0.0000       0.0003    0.0043   40.6000
       5     False    7,680.7300   3,518.5500          190.4300       0.0000       0.0001    0.0037   41.2000
      58     False    6,413.1100       0.0000            0.0000       0.0000       0.0000    0.0031   44.0000
      50     False      753.3500     343.1700            0.0000       0.0000       0.0000    0.0031   44.2000

Backbone-7 placement (rank out of 49 per metric; 1 = most central):
 site_id  rank_out_strength  rank_in_strength  rank_betweenness  rank_eigenvector  rank_pagerank  avg_rank
      31                 11                 8                 3                 3              3       5.6
      40                 21                 4                 6                 1              1       6.6
      10                 22                 1                 7                 2              2       6.8
      41                  5                10                16                 4              5       8.0
      49                 12                12                 1                13             13      10.2
      53                  8                15                10                12             16      12.2
      37                 31                13                24                 6             10      16.8

Site 37: out-strength rank 31/49, in-strength rank 13/49, betweenness rank 24/49, pagerank rank 10/49, avg_rank 16.8.
