============================================================================================
NETWORK CENTRALITY, ALL 49 SITES  |  matrix 1  |  self-loops ON
============================================================================================

Full ranking (most central first):
 site_id  backbone  out_strength  in_strength  self_recruitment  betweenness  eigenvector  pagerank  avg_rank
      10      True  148,639.8700 293,156.9300       66,316.7500       0.2159       0.5974    0.1000    3.0000
      41      True  169,544.3900 142,948.3800       24,039.8500       0.2717       0.2877    0.0456    5.4000
      40      True  155,346.0900 230,025.7200       62,675.6400       0.0417       0.6304    0.0936    6.2000
      31      True  129,495.4400 158,681.6600       15,244.8100       0.0878       0.2975    0.0584    8.0000
      32     False  188,824.8700 160,279.5500       38,161.9500       0.0616       0.1119    0.0273    9.2000
      47     False   39,828.9500 107,244.3200        8,138.7600       0.2895       0.1045    0.0556    9.6000
      15     False  160,811.2200 175,346.9500       18,735.2900       0.0864       0.0206    0.0175   11.2000
      53      True  113,995.8200  83,861.3500        9,639.0600       0.2052       0.0466    0.0270   11.2000
      51     False  131,303.8700 233,705.7000        1,546.4900       0.1175       0.0150    0.0168   12.0000
      19     False   38,422.2900  53,224.6400        6,487.6900       0.1605       0.0306    0.0490   13.8000
      37      True   20,490.0200 119,996.6100          419.2600       0.0142       0.1453    0.0481   15.6000
      49      True   85,593.6700  69,634.7400        9,988.1600       0.0776       0.0174    0.0237   15.8000
      21     False   95,899.6200  33,039.0200        1,989.5600       0.2088       0.0192    0.0218   15.8000
      52     False  142,314.9800  82,326.6500       11,218.5900       0.1033       0.0078    0.0138   16.0000
      16     False   46,980.4100 174,229.4100          965.5900       0.0980       0.0061    0.0155   16.8000
      36     False   49,009.7900  73,848.0900       11,211.8500       0.0000       0.1212    0.0344   17.0000
      20     False   39,230.1600  67,929.7900        2,034.5000       0.0129       0.0830    0.0347   17.2000
       4     False   33,016.1900  39,734.6600        3,898.7700       0.0674       0.0224    0.0372   17.6000
      26     False  114,534.6200  38,022.0500        4,626.7300       0.1809       0.0086    0.0096   18.8000
      17     False   70,608.7100  58,640.6600        8,931.5700       0.0395       0.0045    0.0087   22.8000
      54     False  103,091.4900  51,940.0300        4,672.7500       0.0319       0.0040    0.0082   23.2000
      55     False   27,196.3000  20,435.4800          103.1200       0.0146       0.0099    0.0181   23.2000
      29     False  230,261.0500  45,917.6600            0.0000       0.0222       0.0015    0.0076   23.2000
      44     False  109,534.2600  48,229.9600       10,133.4200       0.0004       0.0055    0.0090   23.8000
      59     False    9,716.5100 252,742.4300            0.0000       0.0000       0.0036    0.0156   24.2000
      33     False  237,262.6300  47,159.6600            0.0000       0.0129       0.0014    0.0067   24.2000
      30     False   16,391.0000  38,366.7500          271.7300       0.0000       0.0535    0.0166   24.6000
      39     False   18,032.1300  11,132.1600        1,096.3400       0.1259       0.0041    0.0138   25.0000
      12     False    1,937.4500 183,238.1800          345.2700       0.0000       0.0054    0.0173   25.2000
      42     False    5,490.7400  12,319.2100        2,434.6000       0.1277       0.0002    0.0223   27.0000
      11     False   20,504.5100  88,299.3700            0.0000       0.0000       0.0038    0.0072   27.4000
      38     False   14,798.9300  11,009.3100        1,559.9700       0.0235       0.0035    0.0143   28.6000
      24     False   13,263.4600  19,715.8400        1,279.4500       0.0044       0.0025    0.0145   30.0000
      28     False  150,562.6100   8,115.8000        2,736.9400       0.0000       0.0016    0.0043   30.2000
      27     False  136,019.7000   3,951.4900          313.5400       0.0000       0.0010    0.0040   33.2000
       9     False   73,975.1100   2,740.2900          152.7500       0.0000       0.0034    0.0042   33.8000
      35     False    4,940.2700   9,943.9800           44.1900       0.0000       0.0018    0.0116   33.8000
      60     False   28,755.1200   2,943.0100          100.8600       0.0000       0.0011    0.0052   35.0000
       7     False   31,998.6800   4,574.7100          632.1300       0.0000       0.0002    0.0045   35.6000
       6     False   19,287.7900   4,196.6200        1,308.5500       0.0004       0.0002    0.0050   35.8000
       1     False    6,586.1900   4,779.0100        2,709.2600       0.0075       0.0000    0.0137   36.0000
      18     False    4,558.7900   4,468.2400          485.2400       0.0204       0.0001    0.0090   36.0000
       5     False   17,147.6700   4,008.8400          616.7600       0.0000       0.0001    0.0050   37.4000
      56     False    4,600.8400   1,634.9500           18.1600       0.0000       0.0000    0.0051   40.8000
       3     False      498.9100   2,093.4300            0.0000       0.0000       0.0002    0.0047   41.6000
      57     False    3,341.9900   1,158.4800           68.4400       0.0000       0.0000    0.0047   41.8000
      48     False    6,859.6200     618.1500            0.0000       0.0000       0.0000    0.0035   42.4000
      50     False    8,071.2400     168.9700            0.0000       0.0000       0.0000    0.0031   42.8000
      58     False    3,202.9200       0.0000            0.0000       0.0000       0.0000    0.0031   45.2000

Backbone-7 placement (rank out of 49 per metric; 1 = most central):
 site_id  rank_out_strength  rank_in_strength  rank_betweenness  rank_eigenvector  rank_pagerank  avg_rank
      10                  8                 1                 3                 2              1       3.0
      41                  4                10                 2                 4              7       5.4
      40                  6                 4                18                 1              2       6.2
      31                 12                 9                13                 3              3       8.0
      53                 14                14                 5                11             12      11.2
      37                 31                11                25                 5              6      15.6
      49                 18                17                15                16             13      15.8

Site 37: out-strength rank 31/49, in-strength rank 11/49, betweenness rank 25/49, pagerank rank 6/49, avg_rank 15.6.
